SNR -22.000
7 3 5 6 1 2 4 0

SNR -21.500
7 3 6 5 1 2 4 0

SNR -21.000
7 3 6 5 1 2 4 0

SNR -20.500
7 3 6 5 1 2 4 0

SNR -20.000
7 3 6 5 1 2 4 0

SNR -19.500
7 6 3 5 1 2 4 0

SNR -19.000
7 6 3 5 1 2 4 0

SNR -18.500
7 6 3 5 1 4 2 0

SNR -18.000
7 6 5 3 1 4 2 0

SNR -17.500
7 6 5 3 1 4 2 0

SNR -17.000
7 6 5 3 1 4 2 0

SNR -16.500
7 6 5 3 1 4 2 0

SNR -16.000
7 6 5 3 4 1 2 0

SNR -15.500
7 6 5 3 4 1 2 0

SNR -15.000
7 6 5 3 4 1 2 0

SNR -14.500
7 6 5 3 4 1 2 0

SNR -14.000
7 6 5 3 4 2 1 0

SNR -13.500
7 6 5 3 4 2 1 0

SNR -13.000
7 6 5 3 4 2 1 0

SNR -12.500
7 6 5 3 4 2 1 0

SNR -12.000
7 6 5 3 4 2 1 0

SNR -11.500
7 6 5 3 4 2 1 0

SNR -11.000
7 6 5 3 4 2 1 0

SNR -10.500
7 6 5 3 4 2 1 0

SNR -10.000
7 6 5 3 4 2 1 0

SNR -9.500
7 5 6 3 4 2 1 0

SNR -9.000
7 6 5 3 4 2 1 0

SNR -8.500
7 5 6 3 4 2 1 0

SNR -8.000
7 5 6 3 4 2 1 0

SNR -7.500
7 5 6 3 4 2 1 0

SNR -7.000
7 5 6 3 4 2 1 0

SNR -6.500
7 6 5 3 4 2 1 0

SNR -6.000
7 6 5 3 4 2 1 0

SNR -5.500
7 6 5 3 2 1 4 0

SNR -5.000
7 6 5 3 4 2 1 0

SNR -4.500
7 6 5 3 4 1 2 0

SNR -4.000
7 6 5 3 2 4 1 0

SNR -3.500
7 6 5 3 1 4 2 0

SNR -3.000
7 6 5 4 3 1 2 0

SNR -2.500
7 6 5 4 3 2 1 0

SNR -2.000
7 6 5 4 3 2 1 0

SNR -1.500
7 6 5 4 3 2 1 0

SNR -1.000
7 6 5 4 3 2 1 0

SNR -0.500
7 6 5 4 3 2 1 0

SNR 0.000
7 6 5 4 3 2 1 0

SNR 0.500
7 6 5 4 3 2 1 0

SNR 1.000
7 6 5 4 3 2 1 0

SNR 1.500
7 6 5 4 3 2 1 0

SNR 2.000
7 6 5 4 3 2 1 0

SNR 2.500
7 6 5 4 3 2 1 0

