SNR -22.000
63 62 61 59 31 55 47 60 15 23 58 39 27 57 29 30 51 43 7 53 54 45 46 11 19 35 3 14 13 25 21 37 49 41 22 56 38 28 26 5 9 17 33 50 52 42 44 1 6 12 10 18 24 20 34 36 48 40 2 8 4 16 32 0

SNR -21.500
63 62 61 59 55 31 47 60 15 58 23 57 39 27 29 51 30 43 54 53 7 45 46 11 19 35 3 13 14 25 21 49 37 41 56 22 38 28 26 50 5 52 9 17 33 42 44 1 6 12 10 18 24 20 34 36 48 40 2 8 4 16 32 0

SNR -21.000
63 62 61 59 55 60 31 47 58 15 57 23 39 27 29 51 54 30 43 53 45 7 46 11 19 35 13 14 3 25 56 21 49 37 41 22 38 28 26 50 52 42 5 9 17 44 33 1 6 12 10 18 24 20 34 36 48 40 2 8 4 16 32 0

SNR -20.500
63 62 61 59 55 60 31 47 58 15 57 23 39 54 27 51 53 29 43 30 45 46 7 11 19 35 13 14 3 56 25 49 21 37 41 22 38 52 28 26 50 42 44 5 9 17 33 1 6 12 10 18 34 24 20 48 36 40 2 8 4 16 32 0

SNR -20.000
63 62 61 59 55 60 58 47 31 57 15 54 23 39 53 51 27 29 43 30 45 46 7 11 19 35 56 13 14 3 49 25 21 37 41 52 22 38 50 26 28 42 44 5 9 17 33 1 6 12 10 18 48 34 20 24 36 40 2 8 4 16 32 0

SNR -19.500
63 62 61 59 55 60 58 47 31 57 54 15 53 51 23 39 27 29 43 46 45 30 7 56 11 19 35 13 14 3 49 52 21 25 37 41 50 22 38 26 28 42 44 5 9 17 33 1 6 12 10 18 48 34 20 36 24 40 2 8 4 16 32 0

SNR -19.000
63 62 61 59 55 60 58 47 57 31 54 53 15 51 23 39 46 27 43 29 45 30 56 7 11 19 35 13 52 14 49 3 21 37 25 50 41 22 38 26 28 42 44 5 9 17 33 1 6 12 48 10 18 34 20 36 24 40 2 8 4 16 32 0

SNR -18.500
63 62 61 59 55 60 58 57 47 54 31 53 51 15 46 39 23 45 43 27 29 56 30 7 52 11 35 19 49 13 14 50 3 37 41 21 25 38 22 44 42 26 28 5 9 17 33 1 6 48 12 10 18 34 36 20 40 24 2 8 4 16 32 0

SNR -18.000
63 61 62 59 55 60 58 57 47 54 53 31 51 46 15 56 45 39 23 43 27 29 30 7 52 11 35 49 19 50 13 14 37 41 21 25 3 44 38 22 42 26 28 5 9 17 33 1 6 48 12 10 34 18 36 40 20 24 2 8 4 16 32 0

SNR -17.500
63 61 62 59 55 60 58 57 47 54 53 31 51 46 56 45 15 39 43 23 27 29 30 52 7 50 49 11 35 19 13 14 44 41 37 21 25 38 42 3 22 26 28 5 9 33 17 1 6 48 12 34 10 36 18 40 20 24 2 8 4 16 32 0

SNR -17.000
63 61 62 59 55 60 58 57 47 54 53 31 51 46 56 45 43 15 39 52 23 30 27 29 50 7 49 44 35 11 19 13 41 14 37 42 38 21 25 22 3 26 28 5 9 33 17 48 6 1 34 40 12 36 10 18 20 24 2 8 4 32 16 0

SNR -16.500
63 62 61 59 55 60 58 47 57 54 53 51 31 46 56 45 52 43 39 15 30 23 29 27 50 49 44 7 35 11 42 41 19 37 13 14 38 21 25 22 28 26 3 48 33 5 9 17 6 1 40 34 36 12 10 18 20 24 2 8 4 32 16 0

SNR -16.000
63 62 61 59 55 60 58 47 57 54 53 51 46 31 56 45 52 43 30 50 39 15 29 23 27 49 44 7 42 41 35 11 19 37 38 13 14 21 25 28 22 26 3 48 33 5 9 17 6 40 1 34 36 12 10 18 20 24 32 2 8 4 16 0

SNR -15.500
63 61 62 59 55 47 60 58 57 54 53 51 46 31 45 56 52 43 50 30 39 49 29 44 15 27 23 42 41 7 35 38 37 11 19 28 13 14 25 21 26 48 22 3 33 40 5 9 17 6 36 34 1 10 12 18 20 24 32 2 8 4 16 0

SNR -15.000
63 62 61 59 55 47 60 58 57 54 53 51 46 31 45 56 43 52 50 30 39 49 44 29 27 15 42 23 41 38 37 35 7 28 48 11 19 25 13 26 21 14 22 3 40 33 5 9 17 36 34 6 1 10 18 12 24 20 32 2 4 8 16 0

SNR -14.500
63 62 61 59 55 47 57 60 58 54 53 51 46 31 45 56 43 52 50 30 39 49 44 29 42 27 23 41 15 38 37 28 48 35 7 26 25 19 11 13 21 22 14 40 3 33 36 34 5 9 17 6 24 18 10 12 20 1 32 2 4 8 16 0

SNR -14.000
63 62 61 59 55 47 60 57 58 53 54 51 46 31 45 43 56 52 50 39 30 49 44 29 42 27 41 23 38 15 28 37 48 35 26 25 7 19 22 11 21 40 13 14 36 3 33 34 17 5 9 24 6 18 20 10 12 1 32 2 4 8 16 0

SNR -13.500
63 62 61 59 55 47 60 58 54 57 53 31 51 46 45 43 56 52 39 50 30 49 29 44 42 27 41 38 23 28 37 15 48 35 26 25 40 22 7 21 19 11 13 14 36 34 33 3 24 17 5 9 20 6 18 10 12 1 32 16 2 4 8 0

SNR -13.000
63 62 61 59 55 47 60 58 53 31 54 57 51 45 46 43 39 56 52 30 50 29 49 44 42 27 41 38 23 37 28 48 15 26 35 25 40 22 21 19 36 7 14 11 13 34 33 24 3 17 20 5 9 18 6 10 12 1 32 16 2 4 8 0

SNR -12.500
63 62 61 59 55 47 31 58 57 53 60 54 51 46 45 43 56 39 52 29 30 50 49 44 27 42 41 38 23 37 28 26 48 35 15 25 40 22 21 36 19 14 13 34 7 11 24 33 20 3 17 18 9 5 12 6 10 32 1 16 2 4 8 0

SNR -12.000
63 62 61 60 59 58 57 55 54 47 31 53 51 46 45 43 39 30 29 56 49 50 52 27 44 42 41 23 38 37 28 26 35 15 48 25 22 40 21 36 19 14 34 13 24 11 33 7 20 18 17 3 12 9 5 10 6 32 1 16 8 2 4 0

SNR -11.500
63 62 61 60 59 58 57 55 54 53 51 47 46 45 31 43 39 30 27 29 56 52 50 23 44 49 42 41 38 37 28 26 35 15 25 48 22 40 21 36 19 14 34 24 13 33 11 20 7 18 17 12 3 10 9 32 5 6 16 1 8 2 4 0

SNR -11.000
63 62 61 60 59 58 57 55 54 53 51 47 46 45 31 43 39 27 29 30 56 52 50 49 44 23 42 41 38 37 28 15 26 35 25 22 48 21 40 19 36 14 34 13 24 33 11 20 7 18 17 12 32 10 9 3 6 5 16 1 8 4 2 0

SNR -10.500
63 62 61 60 59 58 57 55 54 53 51 47 46 45 43 39 31 30 29 23 27 56 44 52 50 49 37 41 38 42 28 15 35 26 25 22 21 48 19 40 14 36 13 34 24 33 11 20 18 7 17 12 10 32 9 6 5 3 16 8 1 4 2 0

SNR -10.000
63 62 61 60 59 58 57 55 54 53 51 47 46 45 43 39 31 30 29 27 23 52 50 49 56 41 44 38 42 37 15 35 28 26 22 21 25 19 48 40 14 13 36 34 11 24 33 20 18 7 17 12 10 32 9 6 5 16 3 8 4 1 2 0

SNR -9.500
63 62 61 60 59 58 57 55 54 53 51 47 46 45 43 39 31 30 29 27 23 15 42 44 50 49 56 41 37 38 52 28 35 26 25 22 21 19 14 40 13 48 11 36 34 24 33 20 7 18 17 12 10 9 32 6 5 16 3 8 4 1 2 0

SNR -9.000
63 62 61 60 59 58 57 56 55 54 53 52 51 50 49 47 46 45 44 43 39 31 30 29 27 23 15 42 38 41 37 26 28 35 25 21 22 19 14 13 11 48 36 40 34 33 7 24 20 18 17 12 10 9 6 32 5 16 3 8 4 2 1 0

SNR -8.500
63 62 61 60 59 58 57 56 55 54 53 52 51 50 49 47 46 45 44 43 42 41 39 38 37 35 31 30 29 28 27 26 23 15 22 25 21 19 14 11 13 7 40 48 36 33 34 24 18 20 17 12 10 9 6 5 32 16 3 8 4 2 1 0

SNR -8.000
63 62 61 60 59 58 57 56 55 54 53 52 51 50 49 47 46 45 44 43 42 41 39 38 37 35 31 30 29 28 27 26 25 23 22 21 19 15 13 14 11 7 40 48 34 36 33 24 17 18 20 12 10 9 6 5 32 3 16 8 4 2 1 0

SNR -7.500
63 62 61 60 59 58 57 56 55 54 53 52 51 50 49 47 46 45 44 43 42 41 39 38 37 35 31 30 29 28 27 26 25 23 22 21 19 15 14 13 11 7 40 48 34 33 36 20 24 17 10 12 9 18 6 5 3 32 16 8 4 2 1 0

SNR -7.000
63 62 61 60 59 58 57 56 55 54 53 52 51 50 49 47 46 45 44 43 42 41 39 38 37 35 31 30 29 28 27 26 25 23 22 21 19 15 14 13 11 7 36 40 48 34 24 18 20 12 10 33 17 6 9 5 3 32 16 8 4 2 1 0

SNR -6.500
63 62 61 60 59 58 57 56 55 54 53 52 51 50 49 47 46 45 44 43 42 41 39 38 37 35 31 30 29 28 27 26 25 23 22 21 19 15 14 13 11 7 48 40 34 18 33 20 24 12 9 17 36 10 5 6 3 32 16 8 4 2 1 0

SNR -6.000
63 62 61 60 59 58 57 56 55 54 53 52 51 50 49 48 47 46 45 44 43 42 41 40 39 38 37 36 35 31 30 29 28 27 26 25 23 22 21 20 19 15 14 13 11 7 34 24 33 17 18 12 10 6 9 3 5 32 16 8 4 2 1 0

SNR -5.500
63 62 61 60 59 58 57 56 55 54 53 52 51 50 49 48 47 46 45 44 43 42 41 40 39 38 37 36 35 34 33 31 30 29 28 27 26 25 24 23 22 21 20 19 18 17 15 14 13 12 11 9 7 6 5 3 10 16 8 32 4 2 1 0

SNR -5.000
63 62 61 60 59 58 57 56 55 54 53 52 51 50 49 48 47 46 45 44 43 42 41 40 39 38 37 36 35 34 33 31 30 29 28 27 26 25 24 23 22 21 20 19 18 17 15 14 13 12 11 10 9 7 6 5 3 32 16 8 4 1 2 0

SNR -4.500
63 62 61 60 59 58 57 56 55 54 53 52 51 50 49 48 47 46 45 44 43 42 41 40 39 38 37 36 35 34 33 31 30 29 28 27 26 25 24 23 22 21 20 19 18 17 15 14 13 12 11 10 9 7 6 5 3 32 8 16 4 2 1 0

SNR -4.000
63 62 61 60 59 58 57 56 55 54 53 52 51 50 49 48 47 46 45 44 43 42 41 40 39 38 37 36 35 34 33 31 30 29 28 27 26 25 24 23 22 21 20 19 18 17 15 14 13 12 11 10 9 7 6 5 3 16 32 8 4 2 1 0

SNR -3.500
63 62 61 60 59 58 57 56 55 54 53 52 51 50 49 48 47 46 45 44 43 42 41 40 39 38 37 36 35 34 33 31 30 29 28 27 26 25 24 23 22 21 20 19 18 17 15 14 13 12 11 10 9 7 6 5 3 8 32 16 2 1 4 0

SNR -3.000
63 62 61 60 59 58 57 56 55 54 53 52 51 50 49 48 47 46 45 44 43 42 41 40 39 38 37 36 35 34 33 32 31 30 29 28 27 26 25 24 23 22 21 20 19 18 17 15 14 13 12 11 10 9 7 6 5 3 8 4 16 1 2 0

SNR -2.500
63 62 61 60 59 58 57 56 55 54 53 52 51 50 49 48 47 46 45 44 43 42 41 40 39 38 37 36 35 34 33 32 31 30 29 28 27 26 25 24 23 22 21 20 19 18 17 16 15 14 13 12 11 10 9 8 7 6 5 4 3 2 1 0

SNR -2.000
63 62 61 60 59 58 57 56 55 54 53 52 51 50 49 48 47 46 45 44 43 42 41 40 39 38 37 36 35 34 33 32 31 30 29 28 27 26 25 24 23 22 21 20 19 18 17 16 15 14 13 12 11 10 9 8 7 6 5 4 3 2 1 0

SNR -1.500
63 62 61 60 59 58 57 56 55 54 53 52 51 50 49 48 47 46 45 44 43 42 41 40 39 38 37 36 35 34 33 32 31 30 29 28 27 26 25 24 23 22 21 20 19 18 17 16 15 14 13 12 11 10 9 8 7 6 5 4 3 2 1 0

SNR -1.000
63 62 61 60 59 58 57 56 55 54 53 52 51 50 49 48 47 46 45 44 43 42 41 40 39 38 37 36 35 34 33 32 31 30 29 28 27 26 25 24 23 22 21 20 19 18 17 16 15 14 13 12 11 10 9 8 7 6 5 4 3 2 1 0

SNR -0.500
63 62 61 60 59 58 57 56 55 54 53 52 51 50 49 48 47 46 45 44 43 42 41 40 39 38 37 36 35 34 33 32 31 30 29 28 27 26 25 24 23 22 21 20 19 18 17 16 15 14 13 12 11 10 9 8 7 6 5 4 3 2 1 0

SNR 0.000
63 62 61 60 59 58 57 56 55 54 53 52 51 50 49 48 47 46 45 44 43 42 41 40 39 38 37 36 35 34 33 32 31 30 29 28 27 26 25 24 23 22 21 20 19 18 17 16 15 14 13 12 11 10 9 8 7 6 5 4 3 2 1 0

SNR 0.500
63 62 61 60 59 58 57 56 55 54 53 52 51 50 49 48 47 46 45 44 43 42 41 40 39 38 37 36 35 34 33 32 31 30 29 28 27 26 25 24 23 22 21 20 19 18 17 16 15 14 13 12 11 10 9 8 7 6 5 4 3 2 1 0

SNR 1.000
63 62 61 60 59 58 57 56 55 54 53 52 51 50 49 48 47 46 45 44 43 42 41 40 39 38 37 36 35 34 33 32 31 30 29 28 27 26 25 24 23 22 21 20 19 18 17 16 15 14 13 12 11 10 9 8 7 6 5 4 3 2 1 0

SNR 1.500
63 62 61 60 59 58 57 56 55 54 53 52 51 50 49 48 47 46 45 44 43 42 41 40 39 38 37 36 35 34 33 32 31 30 29 28 27 26 25 24 23 22 21 20 19 18 17 16 15 14 13 12 11 10 9 8 7 6 5 4 3 2 1 0

SNR 2.000
63 62 61 60 59 58 57 56 55 54 53 52 51 50 49 48 47 46 45 44 43 42 41 40 39 38 37 36 35 34 33 32 31 30 29 28 27 26 25 24 23 22 21 20 19 18 17 16 15 14 13 12 11 10 9 8 7 6 5 4 3 2 1 0

SNR 2.500
63 62 61 60 59 58 57 56 55 54 53 52 51 50 49 48 47 46 45 44 43 42 41 40 39 38 37 36 35 34 33 32 31 30 29 28 27 26 25 24 23 22 21 20 19 18 17 16 15 14 13 12 11 10 9 8 7 6 5 4 3 2 1 0

