SNR -22.000
255 254 253 251 247 252 250 239 249 246 245 243 223 238 248 237 191 127 244 235 63 95 159 231 222 111 119 123 207 221 31 242 125 175 215 219 183 187 126 189 190 241 47 79 143 236 55 59 15 61 62 103 87 199 151 167 234 233 91 93 227 155 115 157 107 94 158 229 109 203 117 211 23 39 230 171 71 179 110 135 118 121 205 7 122 206 173 213 217 29 174 27 220 30 181 185 124 214 218 182 186 188 51 43 75 99 83 139 147 195 163 57 240 11 35 19 67 131 45 46 3 77 78 142 141 53 58 13 60 54 14 89 113 101 105 225 153 85 149 197 201 165 209 169 177 102 86 92 232 150 198 166 156 25 90 226 49 154 114 37 228 21 41 73 69 106 81 97 145 116 137 133 108 161 193 17 33 9 5 65 202 204 129 120 210 1 170 178 172 212 28 216 180 184 38 22 70 134 6 26 56 52 44 50 76 140 42 74 98 82 88 100 104 112 152 146 84 138 224 162 148 194 200 196 164 168 208 176 12 24 48 34 18 36 40 10 20 66 72 68 80 136 96 144 130 132 160 192 16 8 32 2 4 64 128 0

SNR -21.500
255 253 254 251 247 252 250 239 249 246 245 243 223 238 237 248 244 235 191 127 222 63 231 242 221 159 95 111 119 123 207 219 241 125 175 215 31 183 236 187 189 126 190 47 79 143 55 234 59 15 61 62 233 103 87 151 199 167 227 91 230 115 93 229 155 157 107 94 158 203 109 211 117 171 179 110 23 71 39 205 135 121 220 118 217 213 206 173 122 7 218 174 181 214 29 185 27 30 124 182 186 240 188 51 43 75 99 83 139 147 195 163 57 35 11 19 67 46 131 45 78 77 3 141 142 53 58 60 54 225 13 14 89 101 105 113 153 85 201 149 197 165 232 209 169 177 102 86 150 226 198 92 228 90 166 156 25 114 154 106 49 108 116 37 21 41 69 73 81 97 145 137 133 161 193 202 204 210 120 17 33 212 9 5 65 172 129 170 178 216 1 180 28 184 22 38 70 134 6 26 56 44 52 50 76 140 42 74 98 82 88 100 104 224 152 146 112 138 84 162 194 200 196 148 164 168 208 176 12 24 48 18 34 10 36 40 20 72 66 68 80 136 144 96 130 132 160 192 16 8 32 2 4 64 128 0

SNR -21.000
255 254 253 251 247 252 239 250 249 246 245 243 223 238 237 248 235 244 191 242 222 127 231 221 241 63 236 95 219 159 207 111 215 119 123 175 125 31 183 187 190 234 189 126 47 233 79 143 55 59 15 61 230 62 103 87 227 229 199 151 167 91 220 155 93 115 157 107 94 203 211 158 109 171 117 179 110 240 205 217 218 23 39 213 71 121 135 206 118 173 214 174 122 181 7 185 29 182 124 27 186 30 188 51 43 75 83 99 139 147 195 163 57 46 45 19 35 11 67 232 131 78 77 141 3 142 53 58 225 54 60 89 13 101 153 105 14 85 113 197 149 201 165 209 169 228 177 226 102 86 198 150 166 92 156 90 154 25 114 106 108 49 116 202 37 21 41 210 69 73 204 81 97 145 137 133 216 161 193 212 170 172 178 120 17 33 9 5 65 180 129 1 28 184 22 38 70 134 6 26 56 44 52 50 76 140 42 224 74 82 98 88 100 146 104 152 138 84 194 162 148 200 196 112 164 208 168 176 12 24 48 34 18 40 36 10 20 66 72 68 80 136 144 96 130 132 160 192 16 2 8 32 4 64 128 0

SNR -20.500
255 254 253 251 247 252 239 250 249 246 245 243 223 238 237 248 235 244 242 222 191 231 241 221 236 127 219 234 63 95 159 215 111 207 119 190 175 123 183 125 189 233 187 31 126 230 47 79 143 229 55 220 59 15 227 61 62 87 240 103 199 151 167 91 155 218 93 115 217 211 203 157 107 158 94 109 171 205 213 179 117 110 206 214 121 23 173 118 39 71 135 174 181 122 185 7 182 186 29 124 188 27 30 232 51 43 75 99 83 139 147 195 163 57 45 46 77 35 19 11 67 78 131 142 141 53 225 3 228 58 54 60 89 101 153 226 197 105 85 209 201 13 14 149 113 165 169 177 102 198 86 150 166 92 90 156 154 216 210 114 106 202 25 212 204 108 116 49 37 21 41 69 73 81 170 97 145 133 137 161 193 172 178 120 180 17 33 9 5 65 129 184 1 28 22 38 70 134 6 26 56 44 50 52 76 224 140 42 74 82 98 88 146 100 194 138 152 104 84 196 200 162 148 208 112 164 168 176 12 24 48 18 34 36 40 10 20 66 72 68 80 136 144 96 132 130 160 192 16 8 32 2 4 64 128 0

SNR -20.000
255 254 253 251 247 239 250 252 245 249 246 223 243 238 237 235 248 244 242 222 231 191 241 221 236 234 219 127 233 215 63 190 159 95 230 207 189 119 111 123 175 187 183 125 31 220 126 229 240 47 227 79 143 218 55 59 61 15 217 199 103 62 87 151 167 211 91 155 203 93 213 107 214 115 157 205 94 171 109 158 179 117 206 232 110 173 118 121 181 23 122 185 188 71 39 174 135 182 186 7 124 29 27 30 51 43 228 75 83 195 147 99 139 163 225 57 45 46 77 226 78 35 141 19 11 142 67 53 131 3 58 54 60 197 209 89 201 153 101 85 149 105 165 113 13 14 169 216 177 198 102 86 150 166 210 92 90 212 154 156 202 204 106 114 108 25 116 170 49 37 21 41 178 172 69 73 81 145 133 137 97 193 161 180 120 184 17 33 9 5 65 129 1 28 22 38 70 134 6 26 224 56 44 50 52 76 140 42 74 82 194 146 98 196 200 88 138 208 100 84 152 162 148 104 164 168 112 176 12 24 34 48 18 40 36 20 10 66 72 68 80 136 144 130 132 96 192 160 16 32 8 2 4 64 128 0

SNR -19.500
255 254 253 251 247 239 252 250 249 245 246 243 223 238 237 235 248 244 231 222 242 221 191 241 236 234 219 233 127 215 230 190 220 63 189 207 229 95 159 111 240 119 187 123 175 183 125 126 218 31 227 217 143 47 79 55 59 232 61 214 15 199 62 211 213 103 151 87 167 203 91 155 205 93 157 107 206 115 171 94 179 158 188 109 117 173 110 185 118 181 121 174 186 182 122 23 39 135 71 228 124 7 29 27 30 225 226 51 43 75 195 147 139 83 99 163 45 57 46 216 77 141 78 142 53 35 19 11 67 131 209 3 58 197 201 54 89 60 153 85 149 101 105 165 169 113 212 14 198 210 13 177 86 150 102 166 202 90 204 92 154 156 106 114 170 108 116 25 178 172 180 49 37 21 41 184 69 73 81 145 137 193 133 97 161 120 17 33 9 5 65 129 28 1 22 38 70 134 224 26 6 56 44 50 52 76 140 42 208 74 194 82 196 146 200 138 98 88 162 152 148 84 100 104 164 168 112 176 12 24 18 34 48 36 40 10 20 72 66 68 80 136 144 130 132 192 96 160 16 8 32 2 4 64 128 0

SNR -19.000
255 254 253 251 247 239 252 246 245 249 243 223 238 250 237 235 248 231 222 244 242 221 191 241 236 219 234 233 215 230 190 127 220 229 189 240 207 218 63 187 227 159 95 111 183 175 217 119 123 125 126 31 232 214 47 79 213 143 55 211 59 199 61 15 188 87 151 62 206 167 103 203 228 205 155 91 93 157 107 171 115 179 185 94 158 186 109 173 117 181 110 118 182 174 121 122 23 226 39 71 135 124 225 29 7 27 216 30 51 195 43 75 139 83 147 99 163 45 57 77 46 141 209 78 212 142 53 35 11 19 67 131 197 201 210 58 54 3 89 153 85 149 101 60 165 198 105 169 113 177 202 204 13 14 86 150 102 166 90 154 156 92 106 170 114 178 108 184 172 116 180 25 49 37 21 41 69 73 193 81 120 137 145 133 97 161 17 33 9 5 65 129 28 224 1 22 38 70 134 26 6 56 44 50 208 52 76 140 194 42 196 200 74 82 146 138 98 162 84 88 152 148 100 164 104 168 176 112 12 24 34 18 48 40 36 10 20 66 72 68 136 80 144 192 130 132 96 160 16 8 32 2 4 64 128 0

SNR -18.500
255 254 253 252 251 249 247 239 223 246 250 243 245 238 237 235 231 248 222 221 244 191 242 219 241 236 234 233 215 230 220 229 190 127 218 189 240 207 227 217 187 232 214 63 183 159 95 126 175 111 119 125 123 213 31 228 211 188 206 47 143 79 55 205 199 59 203 61 151 186 87 15 103 226 167 62 185 155 91 157 179 171 93 107 216 115 158 181 173 94 182 225 109 117 174 110 121 118 122 124 23 39 71 135 29 7 27 30 212 51 195 43 209 75 139 147 83 163 99 210 46 45 57 77 141 78 197 201 142 53 35 19 11 67 198 204 58 131 54 202 153 149 85 165 89 3 101 60 169 105 177 113 150 86 166 102 14 13 184 154 90 156 92 170 178 106 180 114 172 108 116 224 25 120 49 37 193 21 41 69 73 145 133 81 137 161 97 17 33 9 5 65 129 28 1 22 38 70 134 26 208 6 50 56 44 194 196 52 200 76 140 42 74 138 146 82 162 148 98 164 84 152 100 88 168 104 176 112 12 24 18 34 48 40 10 36 20 66 192 72 68 136 144 80 130 132 160 96 16 8 32 2 4 64 128 0

SNR -18.000
255 254 253 252 251 250 249 247 245 239 223 246 243 237 238 235 231 222 221 191 244 248 241 219 242 236 234 233 215 230 229 190 220 218 189 207 227 127 240 217 187 214 232 213 183 228 63 126 175 188 159 95 125 211 119 111 123 206 31 226 205 186 216 203 47 79 143 199 185 55 225 59 61 151 167 87 103 15 179 182 62 155 181 91 171 157 93 107 115 173 158 109 94 117 174 212 121 110 118 122 124 39 23 71 135 210 29 209 27 7 30 195 51 43 139 147 75 163 204 83 99 201 197 45 141 46 202 77 57 78 198 142 53 184 11 35 54 19 165 58 67 149 131 153 177 85 169 89 101 60 3 105 224 150 166 113 102 86 178 180 154 90 14 13 156 170 92 106 172 114 108 116 25 120 193 37 49 21 41 69 73 137 145 133 81 161 97 17 33 9 5 65 28 129 208 1 38 22 70 134 26 194 6 200 196 50 44 56 140 76 52 42 138 146 74 162 82 148 164 98 152 84 168 88 100 176 104 112 12 24 34 18 192 36 48 10 40 20 66 136 72 68 144 130 132 80 160 96 16 8 32 2 4 64 128 0

SNR -17.500
255 254 253 252 251 250 249 247 246 245 243 239 238 237 223 235 231 221 191 222 219 244 242 241 215 248 234 236 233 230 229 190 220 189 207 218 227 217 127 240 187 214 232 213 183 228 188 211 206 126 175 226 125 63 205 216 186 159 95 123 119 111 225 185 203 31 199 212 182 47 143 79 181 55 59 179 167 151 61 103 87 155 171 15 173 62 157 91 174 210 93 107 158 115 94 124 109 117 121 122 110 118 209 204 23 39 135 71 27 29 30 195 7 184 201 202 51 197 43 139 147 75 163 224 198 83 99 141 45 46 142 77 57 78 53 177 165 149 180 169 153 54 58 85 35 19 178 11 67 89 131 101 166 150 60 105 3 113 86 154 170 102 156 172 90 14 106 92 13 114 108 116 120 208 193 25 37 49 21 41 145 137 69 133 73 161 81 97 17 28 33 9 5 65 129 22 38 1 70 134 200 26 194 196 6 44 140 50 76 52 56 42 146 138 162 74 176 164 148 82 168 152 84 98 100 88 104 112 12 192 24 18 34 36 10 40 48 20 136 144 72 66 68 130 132 80 160 96 16 8 32 2 4 64 128 0

SNR -17.000
255 254 253 252 251 250 249 247 246 245 243 239 238 237 235 223 191 231 221 222 219 215 242 244 248 241 236 234 230 233 229 190 189 220 218 227 207 217 187 127 214 240 213 232 183 211 228 188 206 226 186 126 205 175 216 125 185 225 203 212 159 123 63 182 95 119 111 199 181 210 31 179 143 47 174 79 209 55 167 173 151 204 59 124 171 61 87 155 103 157 91 158 62 15 93 107 122 121 115 117 109 94 184 118 110 202 224 201 23 135 39 71 195 198 197 27 30 29 7 180 139 51 163 43 147 75 83 177 99 178 141 45 142 77 46 165 53 57 78 169 149 153 54 166 58 85 89 172 101 150 170 19 35 11 131 105 67 154 208 60 86 113 102 156 3 90 92 106 114 14 13 120 108 116 193 25 37 21 49 137 145 133 41 161 69 73 200 81 97 196 194 28 17 33 9 5 22 65 129 38 134 70 1 26 176 140 6 44 162 138 50 76 146 52 164 42 56 148 74 168 82 152 84 98 100 88 104 112 12 192 24 18 34 36 136 10 20 40 144 48 130 66 72 132 68 160 80 96 16 8 32 2 4 64 128 0

SNR -16.500
255 254 253 252 251 250 249 247 246 245 243 239 238 237 235 231 223 222 221 219 191 215 248 244 242 241 234 233 236 230 207 189 190 220 229 218 217 227 214 187 127 213 183 240 211 232 206 188 228 205 186 226 175 126 216 185 203 225 125 212 182 123 210 159 181 199 119 63 209 111 95 204 179 174 31 173 124 184 143 202 171 167 47 79 55 151 158 59 155 122 157 224 61 121 103 87 201 91 115 62 107 117 93 15 118 109 94 110 180 198 195 197 135 23 39 71 178 177 27 29 30 208 7 163 139 147 51 43 172 75 83 99 169 141 165 142 45 170 77 46 166 78 149 53 57 153 150 54 58 85 154 89 101 156 105 60 113 35 19 11 131 67 86 102 120 90 114 106 3 92 200 116 108 13 14 193 25 196 161 194 137 133 145 37 21 49 41 69 73 81 97 176 28 22 134 17 33 38 9 5 65 129 70 1 26 162 164 140 168 138 146 44 50 148 76 42 52 6 74 56 152 82 84 98 100 88 104 112 192 12 24 18 34 136 160 10 132 130 144 20 40 36 48 72 66 68 80 96 16 8 32 2 4 128 64 0

SNR -16.000
255 254 253 252 251 250 249 247 246 245 243 239 238 237 235 231 223 222 221 219 215 191 248 207 244 241 236 190 189 233 242 187 234 229 220 230 227 217 127 218 183 213 214 211 240 206 232 188 205 228 186 175 226 126 203 216 185 225 125 182 212 181 210 123 199 159 209 179 204 174 119 173 202 184 124 63 111 95 171 201 224 122 31 158 180 167 121 143 157 198 47 155 151 79 55 59 118 87 115 61 103 117 178 91 107 197 62 93 109 15 110 94 195 208 177 172 135 23 39 71 170 163 27 29 169 30 139 147 165 7 51 43 166 75 141 83 200 142 99 149 45 153 120 156 77 46 150 53 154 78 57 54 85 101 113 58 89 105 102 114 86 116 60 131 19 35 11 90 67 106 92 108 193 196 3 14 13 194 176 161 25 137 133 145 37 21 41 49 69 73 81 97 134 22 38 28 70 168 17 33 129 9 5 65 162 26 164 1 138 140 146 148 152 50 44 42 76 52 74 82 56 6 98 84 100 88 104 112 192 12 24 160 136 34 18 130 132 144 10 36 20 40 66 48 72 68 80 96 16 8 32 4 128 2 64 0

SNR -15.500
255 254 253 252 251 250 249 247 246 245 244 243 239 238 237 235 231 223 222 221 219 215 207 191 190 189 248 234 242 236 233 241 187 230 220 218 227 229 127 217 183 214 213 211 205 175 206 186 188 240 203 232 185 228 126 226 182 216 225 125 212 181 199 210 123 159 179 209 174 204 173 119 202 184 124 201 171 180 111 122 224 198 158 95 63 167 121 178 157 197 118 208 155 31 177 143 172 117 151 47 79 115 195 55 59 103 87 107 61 109 110 91 93 62 94 170 15 200 169 135 163 166 39 23 165 71 120 156 27 147 29 139 30 153 141 154 7 43 149 51 142 75 196 83 99 150 45 77 116 46 113 53 78 57 114 101 176 85 54 105 58 89 193 102 86 194 106 90 60 108 131 35 19 92 11 67 3 14 13 161 168 133 25 137 145 21 37 41 69 49 73 81 97 164 162 134 22 38 28 70 26 33 17 129 146 9 5 140 65 138 152 148 1 44 42 50 76 74 52 82 98 112 100 56 84 6 104 88 192 160 12 136 132 130 24 144 18 34 10 20 36 40 66 72 68 48 80 96 16 8 32 128 2 4 64 0

SNR -15.000
255 254 253 252 251 250 249 248 247 246 245 244 243 242 241 239 238 237 236 235 231 223 222 221 219 215 207 191 190 189 187 183 127 234 233 229 230 220 218 227 175 217 214 211 213 205 206 188 203 126 185 240 125 186 232 182 228 225 226 181 216 123 199 212 159 179 210 174 209 204 173 119 202 184 171 201 124 180 122 158 198 111 224 178 167 121 197 157 118 172 177 95 208 63 155 195 117 170 151 115 143 110 200 31 169 109 79 47 107 103 55 59 87 61 91 93 166 120 94 62 156 15 165 196 163 135 154 176 153 23 116 71 39 147 139 27 149 141 194 150 29 142 114 113 30 43 75 51 193 99 83 7 45 77 105 78 46 53 101 108 85 57 106 102 54 89 86 58 168 90 60 92 131 35 19 11 67 161 3 164 14 13 162 145 133 137 25 37 21 69 41 73 49 134 81 97 152 146 148 22 138 38 70 140 28 26 129 17 112 33 9 5 65 192 1 42 74 50 44 76 98 82 100 52 104 84 56 88 6 160 12 136 130 144 132 24 18 34 36 10 20 40 66 72 68 48 80 96 128 16 8 32 4 2 64 0

SNR -14.500
255 254 253 252 251 250 249 248 247 246 245 244 243 242 241 239 238 237 236 235 234 233 231 230 223 222 221 220 219 218 215 207 191 190 189 187 183 127 229 217 227 214 175 211 213 206 205 188 203 185 125 182 159 181 186 199 179 228 240 123 226 232 174 216 225 126 212 210 173 119 209 204 171 202 184 124 201 180 122 158 198 111 167 178 121 157 197 224 177 118 172 155 208 117 195 170 95 169 115 200 151 110 63 166 109 120 156 143 196 107 165 31 103 94 47 79 176 93 55 87 154 91 59 61 116 163 62 194 153 15 114 150 135 149 193 113 147 168 139 23 71 39 141 142 108 27 29 99 30 43 75 105 51 106 83 101 45 77 7 102 78 46 53 85 164 89 57 54 86 90 58 92 60 161 162 131 35 19 11 67 152 3 14 145 13 133 137 148 134 25 146 21 37 112 192 69 73 97 41 49 81 138 140 22 38 70 28 26 129 98 104 17 33 9 100 5 65 74 42 76 44 50 82 52 1 84 88 56 6 160 144 136 130 132 12 24 18 34 10 20 66 36 40 68 72 96 80 48 128 16 8 32 2 4 64 0

SNR -14.000
255 254 253 252 251 250 249 248 247 246 245 244 243 242 241 239 238 237 236 235 234 233 231 230 229 227 223 222 221 220 219 218 217 215 214 213 207 206 191 190 189 187 183 175 127 205 211 126 186 125 188 203 159 185 182 181 179 199 174 240 228 119 123 232 173 212 225 210 216 226 204 171 209 202 111 201 167 184 198 158 124 180 157 122 121 197 178 118 177 155 172 117 224 170 195 95 208 169 115 151 110 166 200 109 156 120 165 63 196 154 143 107 176 116 94 163 153 194 103 93 114 150 31 91 168 79 47 87 55 193 59 61 62 113 149 108 147 15 142 164 135 106 141 139 105 39 23 71 99 102 101 27 162 29 75 92 83 43 30 51 152 77 89 161 45 85 78 90 53 46 86 7 57 54 58 60 131 112 148 192 35 145 19 67 11 146 133 137 3 13 14 134 140 138 97 25 104 69 21 37 73 41 81 49 100 70 22 98 38 28 26 74 82 129 76 42 84 50 17 44 88 9 33 65 5 160 52 56 1 6 144 132 130 136 12 18 24 96 34 66 10 20 68 72 36 40 80 48 128 16 8 32 2 4 64 0

SNR -13.500
255 254 253 252 251 250 249 248 247 246 245 244 243 242 241 239 238 237 236 235 234 233 231 230 229 227 223 222 221 220 219 218 217 215 214 213 211 207 206 205 203 191 190 189 188 187 186 185 183 182 175 159 127 126 125 123 199 181 119 179 174 173 240 171 111 226 232 216 167 210 225 228 209 212 124 202 204 201 158 121 198 122 157 184 197 180 178 155 118 117 195 177 172 170 115 151 95 169 224 110 166 208 109 165 156 200 120 154 107 143 196 116 63 163 153 176 94 194 114 150 103 93 168 113 149 108 193 91 164 62 87 106 147 142 31 79 61 47 59 55 105 141 162 152 139 102 135 92 15 101 161 99 71 90 23 39 89 148 112 83 27 75 29 85 77 43 86 51 30 78 192 45 53 57 46 60 58 54 146 7 145 131 140 104 137 133 67 19 35 11 138 134 97 14 13 100 3 98 160 69 25 73 81 37 21 41 49 70 22 88 38 26 82 28 74 84 76 42 129 50 44 52 17 56 9 65 33 5 144 1 6 136 132 130 96 12 18 66 68 34 72 24 10 20 80 36 40 48 128 16 8 32 2 4 64 0

SNR -13.000
255 254 253 252 251 250 249 248 247 246 245 244 243 242 241 239 238 237 236 235 234 233 231 230 229 227 223 222 221 220 219 218 217 215 214 213 211 207 206 205 203 199 191 190 189 188 187 186 185 183 182 181 179 175 174 173 171 159 127 126 125 123 119 111 167 240 232 212 158 226 124 225 216 155 209 228 210 204 122 202 157 201 95 117 180 197 184 121 198 151 195 115 172 118 170 169 166 178 177 110 165 109 156 107 224 143 208 154 163 120 200 153 63 116 94 196 103 114 150 176 93 194 149 113 168 108 91 193 106 164 147 142 62 105 87 162 141 152 102 61 92 79 161 59 139 101 31 55 47 148 90 112 99 135 89 192 146 15 86 85 71 83 104 23 145 60 39 75 77 27 78 140 29 43 51 57 30 58 45 53 46 54 138 7 100 137 131 160 133 134 97 98 67 19 88 11 35 13 14 81 69 3 73 84 25 37 21 82 70 41 49 74 22 38 144 76 26 28 42 50 44 129 56 52 65 17 9 33 5 136 1 132 130 6 96 12 80 66 68 72 18 34 10 24 36 20 40 48 128 16 8 64 32 4 2 0

SNR -12.500
255 254 253 252 251 250 249 248 247 246 245 244 243 242 241 239 238 237 236 235 234 233 231 230 229 227 223 222 221 220 219 218 217 215 214 213 211 207 206 205 203 199 191 190 189 188 187 186 185 183 182 181 179 175 174 173 171 167 159 158 157 127 126 125 123 119 111 124 95 232 118 155 228 212 240 122 216 117 151 226 121 225 204 209 115 110 210 201 184 198 178 180 197 202 109 172 169 195 170 165 177 166 107 63 143 94 224 163 154 156 153 103 150 208 116 120 149 93 114 200 196 91 113 176 108 194 147 168 106 193 142 164 105 87 141 62 162 102 152 92 61 161 101 139 90 148 79 59 112 99 89 146 135 55 86 104 192 31 47 145 140 85 60 83 78 100 138 58 77 15 71 75 57 160 23 39 137 51 27 53 54 98 43 29 88 45 30 46 134 97 131 133 7 84 144 67 81 82 19 11 35 73 69 13 14 76 70 74 21 37 25 3 49 56 41 38 22 136 26 50 52 42 28 129 44 96 132 65 130 17 9 33 5 1 6 80 66 72 68 12 18 34 10 36 20 24 40 48 128 64 16 8 32 2 4 0

SNR -12.000
255 254 253 252 251 250 249 248 247 246 245 244 243 242 241 240 239 238 237 236 235 234 233 232 231 230 229 228 227 225 223 222 221 220 219 218 217 216 215 214 213 211 207 206 205 203 199 191 190 189 188 187 186 185 183 182 181 179 175 174 173 171 167 159 158 157 155 151 127 126 125 124 123 122 121 119 118 115 111 110 95 210 117 212 226 109 143 204 202 184 198 107 180 209 197 201 63 178 195 177 170 169 172 165 103 166 94 93 154 150 163 153 156 120 91 116 224 149 196 200 113 208 106 114 108 147 194 176 87 142 168 105 193 62 141 102 164 61 92 101 162 139 152 79 90 161 59 148 99 89 112 146 86 135 55 85 104 145 140 60 192 100 83 78 138 47 58 31 77 98 88 137 160 57 75 54 134 97 71 53 84 15 51 133 39 23 43 46 27 45 144 29 131 30 82 81 76 7 56 67 136 73 74 69 35 70 11 19 13 52 96 14 49 37 50 41 21 25 38 132 22 3 42 26 129 44 28 130 65 80 17 9 33 5 1 6 72 66 68 12 34 48 18 36 10 20 40 24 128 64 8 16 32 4 2 0

SNR -11.500
255 254 253 252 251 250 249 248 247 246 245 244 243 242 241 240 239 238 237 236 235 234 233 232 231 230 229 228 227 226 225 223 222 221 220 219 218 217 216 215 214 213 212 211 210 209 207 206 205 204 203 202 201 199 198 191 190 189 188 187 186 185 184 183 182 181 180 179 177 175 174 173 171 167 159 158 157 155 151 143 127 126 125 124 123 122 121 119 118 117 115 111 110 109 107 103 95 94 63 93 170 197 178 172 195 166 91 169 165 163 156 154 149 120 153 150 147 114 108 116 87 62 224 106 113 208 102 142 141 200 105 61 194 101 92 139 176 196 168 164 79 90 193 59 99 162 89 152 161 148 86 146 135 55 85 112 145 104 140 83 60 78 138 100 58 77 47 192 137 98 88 57 160 75 54 134 97 84 31 53 133 71 82 144 51 46 131 81 76 45 15 43 39 56 23 30 136 27 29 74 73 96 52 70 67 69 132 7 50 49 35 19 11 44 130 41 129 37 13 42 80 14 38 21 25 22 26 28 3 72 65 33 17 9 5 68 66 48 6 1 34 36 40 12 18 128 10 20 24 64 32 8 16 2 4 0

SNR -11.000
255 254 253 252 251 250 249 248 247 246 245 244 243 242 241 240 239 238 237 236 235 234 233 232 231 230 229 228 227 226 225 223 222 221 220 219 218 217 216 215 214 213 212 211 210 209 207 206 205 204 203 202 201 199 198 197 191 190 189 188 187 186 185 184 183 182 181 180 179 178 177 175 174 173 171 170 169 167 166 165 163 159 158 157 155 151 143 127 126 125 124 123 122 121 119 118 117 115 111 110 109 107 103 95 94 93 91 87 63 172 156 149 195 154 150 62 153 114 108 116 147 141 120 79 106 105 59 102 142 101 61 139 224 113 208 200 196 90 176 194 162 99 85 92 89 168 164 193 55 135 161 152 86 148 83 78 112 145 146 60 47 104 140 77 58 138 100 57 137 75 98 54 88 97 192 134 53 84 133 31 160 82 71 51 46 81 76 144 131 45 56 74 136 43 73 52 30 96 39 29 70 15 132 27 23 50 69 49 67 80 44 130 42 129 7 41 35 37 38 19 11 72 28 13 25 21 14 26 22 68 3 65 48 66 33 17 9 5 128 40 6 36 34 1 18 10 12 20 24 64 32 8 16 2 4 0

SNR -10.500
255 254 253 252 251 250 249 248 247 246 245 244 243 242 241 240 239 238 237 236 235 234 233 232 231 230 229 228 227 226 225 223 222 221 220 219 218 217 216 215 214 213 212 211 210 209 207 206 205 204 203 202 201 199 198 197 195 191 190 189 188 187 186 185 184 183 182 181 180 179 178 177 175 174 173 172 171 170 169 167 166 165 163 159 158 157 156 155 154 153 151 150 149 147 143 127 126 125 124 123 122 121 120 119 118 117 115 114 113 111 110 109 107 103 95 94 93 91 87 79 63 62 61 59 55 142 116 106 141 102 105 139 101 92 99 90 135 108 224 85 89 86 176 208 47 200 194 196 83 193 148 77 164 146 152 161 168 162 58 75 112 145 57 60 78 140 54 104 138 53 137 98 100 88 134 97 31 71 84 51 133 82 46 192 81 45 76 160 131 74 56 144 43 73 52 136 30 70 50 96 39 29 132 69 44 49 27 80 130 67 42 23 15 41 129 72 38 28 37 35 68 7 26 25 48 19 11 21 13 22 14 66 65 40 3 128 33 36 34 17 9 5 24 6 18 20 10 12 1 64 32 16 8 4 2 0

SNR -10.000
255 254 253 252 251 250 249 248 247 246 245 244 243 242 241 240 239 238 237 236 235 234 233 232 231 230 229 228 227 226 225 223 222 221 220 219 218 217 216 215 214 213 212 211 210 209 207 206 205 204 203 202 201 199 198 197 195 191 190 189 188 187 186 185 184 183 182 181 180 179 178 177 175 174 173 172 171 170 169 167 166 165 163 159 158 157 156 155 154 153 151 150 149 147 143 142 141 139 135 127 126 125 124 123 122 121 120 119 118 117 116 115 114 113 111 110 109 108 107 106 105 103 102 101 99 95 94 93 92 91 90 87 79 63 62 61 59 55 47 86 89 85 77 208 200 78 58 196 83 224 75 194 164 31 176 162 152 168 193 148 57 60 71 146 161 54 145 140 53 51 137 138 112 104 133 88 98 46 134 84 100 82 97 45 81 76 43 131 74 192 73 160 30 56 52 39 144 70 29 50 69 136 49 44 96 27 132 67 42 80 130 41 23 72 38 129 28 15 37 68 26 48 35 25 66 22 40 65 21 19 7 11 13 14 128 36 34 33 24 3 17 9 5 20 18 64 6 12 10 1 32 16 8 4 2 0

SNR -9.500
255 254 253 252 251 250 249 248 247 246 245 244 243 242 241 240 239 238 237 236 235 234 233 232 231 230 229 228 227 226 225 223 222 221 220 219 218 217 216 215 214 213 212 211 210 209 207 206 205 204 203 202 201 199 198 197 195 191 190 189 188 187 186 185 184 183 182 181 180 179 178 177 175 174 173 172 171 170 169 167 166 165 163 159 158 157 156 155 154 153 151 150 149 147 143 142 141 139 135 127 126 125 124 123 122 121 120 119 118 117 116 115 114 113 111 110 109 108 107 106 105 103 102 101 99 95 94 93 92 91 90 89 87 86 85 83 79 78 77 63 62 61 60 59 58 55 54 47 31 75 57 53 51 168 176 200 196 224 164 193 46 194 148 161 152 45 71 208 162 112 43 140 146 145 104 137 98 100 133 134 138 97 88 84 81 82 74 29 39 76 131 56 30 73 69 50 160 52 70 27 192 44 49 144 42 67 136 96 41 23 132 80 38 130 28 37 72 129 26 68 15 35 48 25 66 22 40 65 21 36 19 14 128 13 34 7 11 24 33 20 64 18 17 3 9 12 5 10 6 32 1 16 8 4 2 0

SNR -9.000
255 254 253 252 251 250 249 248 247 246 245 244 243 242 241 240 239 238 237 236 235 234 233 232 231 230 229 228 227 226 225 224 223 222 221 220 219 218 217 216 215 214 213 212 211 210 209 208 207 206 205 204 203 202 201 200 199 198 197 196 195 194 191 190 189 188 187 186 185 184 183 182 181 180 179 178 177 176 175 174 173 172 171 170 169 167 166 165 163 159 158 157 156 155 154 153 151 150 149 147 143 142 141 139 135 127 126 125 124 123 122 121 120 119 118 117 116 115 114 113 111 110 109 108 107 106 105 103 102 101 99 95 94 93 92 91 90 89 87 86 85 83 79 78 77 75 71 63 62 61 60 59 58 57 55 54 53 51 47 46 45 43 31 168 152 193 162 164 161 146 148 138 145 104 137 39 112 82 29 140 30 134 100 98 84 88 133 27 97 81 131 74 76 70 73 50 56 52 49 69 44 192 23 42 41 67 144 160 38 136 37 132 28 15 96 80 26 130 72 35 25 129 68 22 48 66 21 40 65 36 19 14 34 24 13 128 33 11 20 7 18 64 17 12 10 32 9 3 5 6 16 1 8 2 4 0

SNR -8.500
255 254 253 252 251 250 249 248 247 246 245 244 243 242 241 240 239 238 237 236 235 234 233 232 231 230 229 228 227 226 225 224 223 222 221 220 219 218 217 216 215 214 213 212 211 210 209 208 207 206 205 204 203 202 201 200 199 198 197 196 195 194 191 190 189 188 187 186 185 184 183 182 181 180 179 178 177 176 175 174 173 172 171 170 169 168 167 166 165 164 163 162 161 159 158 157 156 155 154 153 152 151 150 149 148 147 146 145 143 142 141 140 139 137 135 127 126 125 124 123 122 121 120 119 118 117 116 115 114 113 112 111 110 109 108 107 106 105 104 103 102 101 99 95 94 93 92 91 90 89 87 86 85 83 79 78 77 75 71 63 62 61 60 59 58 57 55 54 53 51 47 46 45 43 39 31 30 29 27 193 138 88 100 23 84 82 98 97 133 134 74 76 131 81 56 73 69 70 44 67 42 50 52 15 49 41 28 38 26 37 160 192 144 35 25 132 22 136 96 72 21 80 130 129 68 48 66 19 40 14 65 36 13 34 24 11 33 20 128 18 7 64 17 12 10 32 9 6 5 3 16 8 1 4 2 0

SNR -8.000
255 254 253 252 251 250 249 248 247 246 245 244 243 242 241 240 239 238 237 236 235 234 233 232 231 230 229 228 227 226 225 224 223 222 221 220 219 218 217 216 215 214 213 212 211 210 209 208 207 206 205 204 203 202 201 200 199 198 197 196 195 194 193 191 190 189 188 187 186 185 184 183 182 181 180 179 178 177 176 175 174 173 172 171 170 169 168 167 166 165 164 163 162 161 159 158 157 156 155 154 153 152 151 150 149 148 147 146 145 143 142 141 140 139 138 137 135 134 133 131 127 126 125 124 123 122 121 120 119 118 117 116 115 114 113 112 111 110 109 108 107 106 105 104 103 102 101 100 99 98 97 95 94 93 92 91 90 89 88 87 86 85 84 83 82 81 79 78 77 76 75 74 71 69 63 62 61 60 59 58 57 55 54 53 51 47 46 45 43 39 31 30 29 27 23 15 70 52 50 67 56 42 41 49 44 73 38 35 37 28 25 160 21 192 22 26 136 144 132 96 68 129 130 72 80 19 48 66 14 13 65 40 11 36 34 24 33 20 18 7 17 128 12 10 64 9 32 6 5 16 3 8 4 1 2 0

SNR -7.500
255 254 253 252 251 250 249 248 247 246 245 244 243 242 241 240 239 238 237 236 235 234 233 232 231 230 229 228 227 226 225 224 223 222 221 220 219 218 217 216 215 214 213 212 211 210 209 208 207 206 205 204 203 202 201 200 199 198 197 196 195 194 193 191 190 189 188 187 186 185 184 183 182 181 180 179 178 177 176 175 174 173 172 171 170 169 168 167 166 165 164 163 162 161 159 158 157 156 155 154 153 152 151 150 149 148 147 146 145 143 142 141 140 139 138 137 135 134 133 131 127 126 125 124 123 122 121 120 119 118 117 116 115 114 113 112 111 110 109 108 107 106 105 104 103 102 101 100 99 98 97 95 94 93 92 91 90 89 88 87 86 85 84 83 82 81 79 78 77 76 75 74 73 71 70 69 67 63 62 61 60 59 58 57 56 55 54 53 52 51 50 49 47 46 45 44 43 42 41 39 38 37 31 30 29 27 23 15 28 35 22 25 21 26 19 160 14 192 136 132 144 130 80 11 96 68 40 129 48 36 65 72 66 34 13 24 7 33 20 18 17 12 10 9 128 64 6 32 5 16 3 8 4 2 1 0

SNR -7.000
255 254 253 252 251 250 249 248 247 246 245 244 243 242 241 240 239 238 237 236 235 234 233 232 231 230 229 228 227 226 225 224 223 222 221 220 219 218 217 216 215 214 213 212 211 210 209 208 207 206 205 204 203 202 201 200 199 198 197 196 195 194 193 191 190 189 188 187 186 185 184 183 182 181 180 179 178 177 176 175 174 173 172 171 170 169 168 167 166 165 164 163 162 161 159 158 157 156 155 154 153 152 151 150 149 148 147 146 145 143 142 141 140 139 138 137 135 134 133 131 127 126 125 124 123 122 121 120 119 118 117 116 115 114 113 112 111 110 109 108 107 106 105 104 103 102 101 100 99 98 97 95 94 93 92 91 90 89 88 87 86 85 84 83 82 81 79 78 77 76 75 74 73 71 70 69 67 63 62 61 60 59 58 57 56 55 54 53 52 51 50 49 47 46 45 44 43 42 41 39 38 37 35 31 30 29 28 27 26 25 23 22 21 19 15 14 11 13 144 7 160 192 136 96 72 80 48 130 40 65 132 129 68 66 24 36 33 20 34 18 12 17 10 9 6 128 5 64 32 3 16 8 4 2 1 0

SNR -6.500
255 254 253 252 251 250 249 248 247 246 245 244 243 242 241 240 239 238 237 236 235 234 233 232 231 230 229 228 227 226 225 224 223 222 221 220 219 218 217 216 215 214 213 212 211 210 209 208 207 206 205 204 203 202 201 200 199 198 197 196 195 194 193 191 190 189 188 187 186 185 184 183 182 181 180 179 178 177 176 175 174 173 172 171 170 169 168 167 166 165 164 163 162 161 159 158 157 156 155 154 153 152 151 150 149 148 147 146 145 143 142 141 140 139 138 137 135 134 133 131 127 126 125 124 123 122 121 120 119 118 117 116 115 114 113 112 111 110 109 108 107 106 105 104 103 102 101 100 99 98 97 95 94 93 92 91 90 89 88 87 86 85 84 83 82 81 79 78 77 76 75 74 73 71 70 69 67 63 62 61 60 59 58 57 56 55 54 53 52 51 50 49 47 46 45 44 43 42 41 39 38 37 35 31 30 29 28 27 26 25 23 22 21 19 15 14 13 11 7 192 160 136 72 132 129 130 80 96 48 66 36 68 144 65 33 40 20 24 18 17 34 12 10 9 6 5 3 128 64 32 16 8 4 2 1 0

SNR -6.000
255 254 253 252 251 250 249 248 247 246 245 244 243 242 241 240 239 238 237 236 235 234 233 232 231 230 229 228 227 226 225 224 223 222 221 220 219 218 217 216 215 214 213 212 211 210 209 208 207 206 205 204 203 202 201 200 199 198 197 196 195 194 193 192 191 190 189 188 187 186 185 184 183 182 181 180 179 178 177 176 175 174 173 172 171 170 169 168 167 166 165 164 163 162 161 160 159 158 157 156 155 154 153 152 151 150 149 148 147 146 145 144 143 142 141 140 139 138 137 135 134 133 131 127 126 125 124 123 122 121 120 119 118 117 116 115 114 113 112 111 110 109 108 107 106 105 104 103 102 101 100 99 98 97 95 94 93 92 91 90 89 88 87 86 85 84 83 82 81 80 79 78 77 76 75 74 73 71 70 69 67 63 62 61 60 59 58 57 56 55 54 53 52 51 50 49 47 46 45 44 43 42 41 39 38 37 35 31 30 29 28 27 26 25 23 22 21 19 15 14 13 11 7 136 96 132 68 72 48 129 66 40 130 65 24 36 18 12 34 20 33 17 6 10 9 3 5 128 64 32 16 8 4 2 1 0

SNR -5.500
255 254 253 252 251 250 249 248 247 246 245 244 243 242 241 240 239 238 237 236 235 234 233 232 231 230 229 228 227 226 225 224 223 222 221 220 219 218 217 216 215 214 213 212 211 210 209 208 207 206 205 204 203 202 201 200 199 198 197 196 195 194 193 192 191 190 189 188 187 186 185 184 183 182 181 180 179 178 177 176 175 174 173 172 171 170 169 168 167 166 165 164 163 162 161 160 159 158 157 156 155 154 153 152 151 150 149 148 147 146 145 144 143 142 141 140 139 138 137 136 135 134 133 132 131 129 127 126 125 124 123 122 121 120 119 118 117 116 115 114 113 112 111 110 109 108 107 106 105 104 103 102 101 100 99 98 97 96 95 94 93 92 91 90 89 88 87 86 85 84 83 82 81 80 79 78 77 76 75 74 73 72 71 70 69 68 67 66 65 63 62 61 60 59 58 57 56 55 54 53 52 51 50 49 48 47 46 45 44 43 42 41 39 38 37 36 35 34 33 31 30 29 28 27 26 25 24 23 22 21 19 15 14 13 11 7 18 130 20 12 17 10 9 40 6 3 5 64 32 128 16 8 4 2 1 0

SNR -5.000
255 254 253 252 251 250 249 248 247 246 245 244 243 242 241 240 239 238 237 236 235 234 233 232 231 230 229 228 227 226 225 224 223 222 221 220 219 218 217 216 215 214 213 212 211 210 209 208 207 206 205 204 203 202 201 200 199 198 197 196 195 194 193 192 191 190 189 188 187 186 185 184 183 182 181 180 179 178 177 176 175 174 173 172 171 170 169 168 167 166 165 164 163 162 161 160 159 158 157 156 155 154 153 152 151 150 149 148 147 146 145 144 143 142 141 140 139 138 137 136 135 134 133 132 131 130 129 127 126 125 124 123 122 121 120 119 118 117 116 115 114 113 112 111 110 109 108 107 106 105 104 103 102 101 100 99 98 97 96 95 94 93 92 91 90 89 88 87 86 85 84 83 82 81 80 79 78 77 76 75 74 73 72 71 70 69 68 67 66 65 63 62 61 60 59 58 57 56 55 54 53 52 51 50 49 48 47 46 45 44 43 42 41 40 39 38 37 36 35 34 33 31 30 29 28 27 26 25 24 23 22 21 20 19 18 17 15 14 13 12 11 10 9 7 6 5 3 128 64 32 16 4 8 1 2 0

SNR -4.500
255 254 253 252 251 250 249 248 247 246 245 244 243 242 241 240 239 238 237 236 235 234 233 232 231 230 229 228 227 226 225 224 223 222 221 220 219 218 217 216 215 214 213 212 211 210 209 208 207 206 205 204 203 202 201 200 199 198 197 196 195 194 193 192 191 190 189 188 187 186 185 184 183 182 181 180 179 178 177 176 175 174 173 172 171 170 169 168 167 166 165 164 163 162 161 160 159 158 157 156 155 154 153 152 151 150 149 148 147 146 145 144 143 142 141 140 139 138 137 136 135 134 133 132 131 130 129 127 126 125 124 123 122 121 120 119 118 117 116 115 114 113 112 111 110 109 108 107 106 105 104 103 102 101 100 99 98 97 96 95 94 93 92 91 90 89 88 87 86 85 84 83 82 81 80 79 78 77 76 75 74 73 72 71 70 69 68 67 66 65 63 62 61 60 59 58 57 56 55 54 53 52 51 50 49 48 47 46 45 44 43 42 41 40 39 38 37 36 35 34 33 31 30 29 28 27 26 25 24 23 22 21 20 19 18 17 15 14 13 12 11 10 9 7 6 5 3 128 32 64 16 8 4 2 1 0

SNR -4.000
255 254 253 252 251 250 249 248 247 246 245 244 243 242 241 240 239 238 237 236 235 234 233 232 231 230 229 228 227 226 225 224 223 222 221 220 219 218 217 216 215 214 213 212 211 210 209 208 207 206 205 204 203 202 201 200 199 198 197 196 195 194 193 192 191 190 189 188 187 186 185 184 183 182 181 180 179 178 177 176 175 174 173 172 171 170 169 168 167 166 165 164 163 162 161 160 159 158 157 156 155 154 153 152 151 150 149 148 147 146 145 144 143 142 141 140 139 138 137 136 135 134 133 132 131 130 129 127 126 125 124 123 122 121 120 119 118 117 116 115 114 113 112 111 110 109 108 107 106 105 104 103 102 101 100 99 98 97 96 95 94 93 92 91 90 89 88 87 86 85 84 83 82 81 80 79 78 77 76 75 74 73 72 71 70 69 68 67 66 65 63 62 61 60 59 58 57 56 55 54 53 52 51 50 49 48 47 46 45 44 43 42 41 40 39 38 37 36 35 34 33 31 30 29 28 27 26 25 24 23 22 21 20 19 18 17 15 14 13 12 11 10 9 7 6 5 3 64 128 32 16 8 4 1 2 0

SNR -3.500
255 254 253 252 251 250 249 248 247 246 245 244 243 242 241 240 239 238 237 236 235 234 233 232 231 230 229 228 227 226 225 224 223 222 221 220 219 218 217 216 215 214 213 212 211 210 209 208 207 206 205 204 203 202 201 200 199 198 197 196 195 194 193 192 191 190 189 188 187 186 185 184 183 182 181 180 179 178 177 176 175 174 173 172 171 170 169 168 167 166 165 164 163 162 161 160 159 158 157 156 155 154 153 152 151 150 149 148 147 146 145 144 143 142 141 140 139 138 137 136 135 134 133 132 131 130 129 127 126 125 124 123 122 121 120 119 118 117 116 115 114 113 112 111 110 109 108 107 106 105 104 103 102 101 100 99 98 97 96 95 94 93 92 91 90 89 88 87 86 85 84 83 82 81 80 79 78 77 76 75 74 73 72 71 70 69 68 67 66 65 63 62 61 60 59 58 57 56 55 54 53 52 51 50 49 48 47 46 45 44 43 42 41 40 39 38 37 36 35 34 33 31 30 29 28 27 26 25 24 23 22 21 20 19 18 17 15 14 13 12 11 10 9 7 6 5 3 32 128 64 2 8 1 4 16 0

SNR -3.000
255 254 253 252 251 250 249 248 247 246 245 244 243 242 241 240 239 238 237 236 235 234 233 232 231 230 229 228 227 226 225 224 223 222 221 220 219 218 217 216 215 214 213 212 211 210 209 208 207 206 205 204 203 202 201 200 199 198 197 196 195 194 193 192 191 190 189 188 187 186 185 184 183 182 181 180 179 178 177 176 175 174 173 172 171 170 169 168 167 166 165 164 163 162 161 160 159 158 157 156 155 154 153 152 151 150 149 148 147 146 145 144 143 142 141 140 139 138 137 136 135 134 133 132 131 130 129 128 127 126 125 124 123 122 121 120 119 118 117 116 115 114 113 112 111 110 109 108 107 106 105 104 103 102 101 100 99 98 97 96 95 94 93 92 91 90 89 88 87 86 85 84 83 82 81 80 79 78 77 76 75 74 73 72 71 70 69 68 67 66 65 63 62 61 60 59 58 57 56 55 54 53 52 51 50 49 48 47 46 45 44 43 42 41 40 39 38 37 36 35 34 33 31 30 29 28 27 26 25 24 23 22 21 20 19 18 17 15 14 13 12 11 10 9 7 6 5 3 32 16 64 4 2 1 8 0

SNR -2.500
255 254 253 252 251 250 249 248 247 246 245 244 243 242 241 240 239 238 237 236 235 234 233 232 231 230 229 228 227 226 225 224 223 222 221 220 219 218 217 216 215 214 213 212 211 210 209 208 207 206 205 204 203 202 201 200 199 198 197 196 195 194 193 192 191 190 189 188 187 186 185 184 183 182 181 180 179 178 177 176 175 174 173 172 171 170 169 168 167 166 165 164 163 162 161 160 159 158 157 156 155 154 153 152 151 150 149 148 147 146 145 144 143 142 141 140 139 138 137 136 135 134 133 132 131 130 129 128 127 126 125 124 123 122 121 120 119 118 117 116 115 114 113 112 111 110 109 108 107 106 105 104 103 102 101 100 99 98 97 96 95 94 93 92 91 90 89 88 87 86 85 84 83 82 81 80 79 78 77 76 75 74 73 72 71 70 69 68 67 66 65 64 63 62 61 60 59 58 57 56 55 54 53 52 51 50 49 48 47 46 45 44 43 42 41 40 39 38 37 36 35 34 33 32 31 30 29 28 27 26 25 24 23 22 21 20 19 18 17 16 15 14 13 12 11 10 9 8 7 6 5 4 3 2 1 0

SNR -2.000
255 254 253 252 251 250 249 248 247 246 245 244 243 242 241 240 239 238 237 236 235 234 233 232 231 230 229 228 227 226 225 224 223 222 221 220 219 218 217 216 215 214 213 212 211 210 209 208 207 206 205 204 203 202 201 200 199 198 197 196 195 194 193 192 191 190 189 188 187 186 185 184 183 182 181 180 179 178 177 176 175 174 173 172 171 170 169 168 167 166 165 164 163 162 161 160 159 158 157 156 155 154 153 152 151 150 149 148 147 146 145 144 143 142 141 140 139 138 137 136 135 134 133 132 131 130 129 128 127 126 125 124 123 122 121 120 119 118 117 116 115 114 113 112 111 110 109 108 107 106 105 104 103 102 101 100 99 98 97 96 95 94 93 92 91 90 89 88 87 86 85 84 83 82 81 80 79 78 77 76 75 74 73 72 71 70 69 68 67 66 65 64 63 62 61 60 59 58 57 56 55 54 53 52 51 50 49 48 47 46 45 44 43 42 41 40 39 38 37 36 35 34 33 32 31 30 29 28 27 26 25 24 23 22 21 20 19 18 17 16 15 14 13 12 11 10 9 8 7 6 5 4 3 1 2 0

SNR -1.500
255 254 253 252 251 250 249 248 247 246 245 244 243 242 241 240 239 238 237 236 235 234 233 232 231 230 229 228 227 226 225 224 223 222 221 220 219 218 217 216 215 214 213 212 211 210 209 208 207 206 205 204 203 202 201 200 199 198 197 196 195 194 193 192 191 190 189 188 187 186 185 184 183 182 181 180 179 178 177 176 175 174 173 172 171 170 169 168 167 166 165 164 163 162 161 160 159 158 157 156 155 154 153 152 151 150 149 148 147 146 145 144 143 142 141 140 139 138 137 136 135 134 133 132 131 130 129 128 127 126 125 124 123 122 121 120 119 118 117 116 115 114 113 112 111 110 109 108 107 106 105 104 103 102 101 100 99 98 97 96 95 94 93 92 91 90 89 88 87 86 85 84 83 82 81 80 79 78 77 76 75 74 73 72 71 70 69 68 67 66 65 64 63 62 61 60 59 58 57 56 55 54 53 52 51 50 49 48 47 46 45 44 43 42 41 40 39 38 37 36 35 34 33 32 31 30 29 28 27 26 25 24 23 22 21 20 19 18 17 16 15 14 13 12 11 10 9 8 7 6 5 4 3 2 1 0

SNR -1.000
255 254 253 252 251 250 249 248 247 246 245 244 243 242 241 240 239 238 237 236 235 234 233 232 231 230 229 228 227 226 225 224 223 222 221 220 219 218 217 216 215 214 213 212 211 210 209 208 207 206 205 204 203 202 201 200 199 198 197 196 195 194 193 192 191 190 189 188 187 186 185 184 183 182 181 180 179 178 177 176 175 174 173 172 171 170 169 168 167 166 165 164 163 162 161 160 159 158 157 156 155 154 153 152 151 150 149 148 147 146 145 144 143 142 141 140 139 138 137 136 135 134 133 132 131 130 129 128 127 126 125 124 123 122 121 120 119 118 117 116 115 114 113 112 111 110 109 108 107 106 105 104 103 102 101 100 99 98 97 96 95 94 93 92 91 90 89 88 87 86 85 84 83 82 81 80 79 78 77 76 75 74 73 72 71 70 69 68 67 66 65 64 63 62 61 60 59 58 57 56 55 54 53 52 51 50 49 48 47 46 45 44 43 42 41 40 39 38 37 36 35 34 33 32 31 30 29 28 27 26 25 24 23 22 21 20 19 18 17 16 15 14 13 12 11 10 9 8 7 6 5 4 3 2 1 0

SNR -0.500
255 254 253 252 251 250 249 248 247 246 245 244 243 242 241 240 239 238 237 236 235 234 233 232 231 230 229 228 227 226 225 224 223 222 221 220 219 218 217 216 215 214 213 212 211 210 209 208 207 206 205 204 203 202 201 200 199 198 197 196 195 194 193 192 191 190 189 188 187 186 185 184 183 182 181 180 179 178 177 176 175 174 173 172 171 170 169 168 167 166 165 164 163 162 161 160 159 158 157 156 155 154 153 152 151 150 149 148 147 146 145 144 143 142 141 140 139 138 137 136 135 134 133 132 131 130 129 128 127 126 125 124 123 122 121 120 119 118 117 116 115 114 113 112 111 110 109 108 107 106 105 104 103 102 101 100 99 98 97 96 95 94 93 92 91 90 89 88 87 86 85 84 83 82 81 80 79 78 77 76 75 74 73 72 71 70 69 68 67 66 65 64 63 62 61 60 59 58 57 56 55 54 53 52 51 50 49 48 47 46 45 44 43 42 41 40 39 38 37 36 35 34 33 32 31 30 29 28 27 26 25 24 23 22 21 20 19 18 17 16 15 14 13 12 11 10 9 8 7 6 5 4 3 2 1 0

SNR 0.000
255 254 253 252 251 250 249 248 247 246 245 244 243 242 241 240 239 238 237 236 235 234 233 232 231 230 229 228 227 226 225 224 223 222 221 220 219 218 217 216 215 214 213 212 211 210 209 208 207 206 205 204 203 202 201 200 199 198 197 196 195 194 193 192 191 190 189 188 187 186 185 184 183 182 181 180 179 178 177 176 175 174 173 172 171 170 169 168 167 166 165 164 163 162 161 160 159 158 157 156 155 154 153 152 151 150 149 148 147 146 145 144 143 142 141 140 139 138 137 136 135 134 133 132 131 130 129 128 127 126 125 124 123 122 121 120 119 118 117 116 115 114 113 112 111 110 109 108 107 106 105 104 103 102 101 100 99 98 97 96 95 94 93 92 91 90 89 88 87 86 85 84 83 82 81 80 79 78 77 76 75 74 73 72 71 70 69 68 67 66 65 64 63 62 61 60 59 58 57 56 55 54 53 52 51 50 49 48 47 46 45 44 43 42 41 40 39 38 37 36 35 34 33 32 31 30 29 28 27 26 25 24 23 22 21 20 19 18 17 16 15 14 13 12 11 10 9 8 7 6 5 4 3 2 1 0

SNR 0.500
255 254 253 252 251 250 249 248 247 246 245 244 243 242 241 240 239 238 237 236 235 234 233 232 231 230 229 228 227 226 225 224 223 222 221 220 219 218 217 216 215 214 213 212 211 210 209 208 207 206 205 204 203 202 201 200 199 198 197 196 195 194 193 192 191 190 189 188 187 186 185 184 183 182 181 180 179 178 177 176 175 174 173 172 171 170 169 168 167 166 165 164 163 162 161 160 159 158 157 156 155 154 153 152 151 150 149 148 147 146 145 144 143 142 141 140 139 138 137 136 135 134 133 132 131 130 129 128 127 126 125 124 123 122 121 120 119 118 117 116 115 114 113 112 111 110 109 108 107 106 105 104 103 102 101 100 99 98 97 96 95 94 93 92 91 90 89 88 87 86 85 84 83 82 81 80 79 78 77 76 75 74 73 72 71 70 69 68 67 66 65 64 63 62 61 60 59 58 57 56 55 54 53 52 51 50 49 48 47 46 45 44 43 42 41 40 39 38 37 36 35 34 33 32 31 30 29 28 27 26 25 24 23 22 21 20 19 18 17 16 15 14 13 12 11 10 9 8 7 6 5 4 3 2 1 0

SNR 1.000
255 254 253 252 251 250 249 248 247 246 245 244 243 242 241 240 239 238 237 236 235 234 233 232 231 230 229 228 227 226 225 224 223 222 221 220 219 218 217 216 215 214 213 212 211 210 209 208 207 206 205 204 203 202 201 200 199 198 197 196 195 194 193 192 191 190 189 188 187 186 185 184 183 182 181 180 179 178 177 176 175 174 173 172 171 170 169 168 167 166 165 164 163 162 161 160 159 158 157 156 155 154 153 152 151 150 149 148 147 146 145 144 143 142 141 140 139 138 137 136 135 134 133 132 131 130 129 128 127 126 125 124 123 122 121 120 119 118 117 116 115 114 113 112 111 110 109 108 107 106 105 104 103 102 101 100 99 98 97 96 95 94 93 92 91 90 89 88 87 86 85 84 83 82 81 80 79 78 77 76 75 74 73 72 71 70 69 68 67 66 65 64 63 62 61 60 59 58 57 56 55 54 53 52 51 50 49 48 47 46 45 44 43 42 41 40 39 38 37 36 35 34 33 32 31 30 29 28 27 26 25 24 23 22 21 20 19 18 17 16 15 14 13 12 11 10 9 8 7 6 5 4 3 2 1 0

SNR 1.500
255 254 253 252 251 250 249 248 247 246 245 244 243 242 241 240 239 238 237 236 235 234 233 232 231 230 229 228 227 226 225 224 223 222 221 220 219 218 217 216 215 214 213 212 211 210 209 208 207 206 205 204 203 202 201 200 199 198 197 196 195 194 193 192 191 190 189 188 187 186 185 184 183 182 181 180 179 178 177 176 175 174 173 172 171 170 169 168 167 166 165 164 163 162 161 160 159 158 157 156 155 154 153 152 151 150 149 148 147 146 145 144 143 142 141 140 139 138 137 136 135 134 133 132 131 130 129 128 127 126 125 124 123 122 121 120 119 118 117 116 115 114 113 112 111 110 109 108 107 106 105 104 103 102 101 100 99 98 97 96 95 94 93 92 91 90 89 88 87 86 85 84 83 82 81 80 79 78 77 76 75 74 73 72 71 70 69 68 67 66 65 64 63 62 61 60 59 58 57 56 55 54 53 52 51 50 49 48 47 46 45 44 43 42 41 40 39 38 37 36 35 34 33 32 31 30 29 28 27 26 25 24 23 22 21 20 19 18 17 16 15 14 13 12 11 10 9 8 7 6 5 4 3 2 1 0

SNR 2.000
255 254 253 252 251 250 249 248 247 246 245 244 243 242 241 240 239 238 237 236 235 234 233 232 231 230 229 228 227 226 225 224 223 222 221 220 219 218 217 216 215 214 213 212 211 210 209 208 207 206 205 204 203 202 201 200 199 198 197 196 195 194 193 192 191 190 189 188 187 186 185 184 183 182 181 180 179 178 177 176 175 174 173 172 171 170 169 168 167 166 165 164 163 162 161 160 159 158 157 156 155 154 153 152 151 150 149 148 147 146 145 144 143 142 141 140 139 138 137 136 135 134 133 132 131 130 129 128 127 126 125 124 123 122 121 120 119 118 117 116 115 114 113 112 111 110 109 108 107 106 105 104 103 102 101 100 99 98 97 96 95 94 93 92 91 90 89 88 87 86 85 84 83 82 81 80 79 78 77 76 75 74 73 72 71 70 69 68 67 66 65 64 63 62 61 60 59 58 57 56 55 54 53 52 51 50 49 48 47 46 45 44 43 42 41 40 39 38 37 36 35 34 33 32 31 30 29 28 27 26 25 24 23 22 21 20 19 18 17 16 15 14 13 12 11 10 9 8 7 6 5 4 3 2 1 0

SNR 2.500
255 254 253 252 251 250 249 248 247 246 245 244 243 242 241 240 239 238 237 236 235 234 233 232 231 230 229 228 227 226 225 224 223 222 221 220 219 218 217 216 215 214 213 212 211 210 209 208 207 206 205 204 203 202 201 200 199 198 197 196 195 194 193 192 191 190 189 188 187 186 185 184 183 182 181 180 179 178 177 176 175 174 173 172 171 170 169 168 167 166 165 164 163 162 161 160 159 158 157 156 155 154 153 152 151 150 149 148 147 146 145 144 143 142 141 140 139 138 137 136 135 134 133 132 131 130 129 128 127 126 125 124 123 122 121 120 119 118 117 116 115 114 113 112 111 110 109 108 107 106 105 104 103 102 101 100 99 98 97 96 95 94 93 92 91 90 89 88 87 86 85 84 83 82 81 80 79 78 77 76 75 74 73 72 71 70 69 68 67 66 65 64 63 62 61 60 59 58 57 56 55 54 53 52 51 50 49 48 47 46 45 44 43 42 41 40 39 38 37 36 35 34 33 32 31 30 29 28 27 26 25 24 23 22 21 20 19 18 17 16 15 14 13 12 11 10 9 8 7 6 5 4 3 2 1 0

