SNR -22.000
511 510 509 507 503 495 508 479 506 505 502 499 501 493 494 491 504 500 487 478 498 477 447 497 492 475 490 489 471 486 383 446 255 476 485 445 463 127 496 191 319 443 474 223 239 247 251 415 351 483 431 63 439 253 367 381 379 375 382 254 473 95 159 287 31 488 111 123 119 470 125 207 175 399 303 469 126 335 183 467 187 311 215 455 231 315 189 459 79 317 219 407 47 423 271 235 143 461 190 221 318 444 462 343 359 15 237 411 243 222 245 347 413 427 238 59 55 349 435 363 61 246 371 442 484 414 441 249 437 429 62 365 250 350 373 430 438 366 377 374 103 252 378 199 87 151 279 167 391 295 327 380 482 115 481 93 157 91 155 71 23 135 39 283 285 263 94 158 7 107 286 472 117 121 109 29 27 179 110 227 118 203 211 451 122 307 171 30 299 395 403 331 419 339 355 124 205 206 185 173 174 301 397 465 313 398 333 302 181 334 51 453 309 468 229 457 466 99 213 217 233 75 43 83 163 139 147 195 186 291 275 267 182 323 387 314 454 310 409 405 230 214 188 421 35 241 67 131 11 19 259 345 341 357 3 57 316 425 458 361 218 433 234 369 460 220 406 422 78 46 236 45 77 141 342 142 242 270 358 269 13 410 412 244 14 346 426 434 348 58 53 60 362 440 436 370 428 113 364 248 372 54 105 89 153 101 281 85 177 149 165 201 209 197 225 305 376 169 293 449 277 297 329 393 325 401 389 337 417 353 25 49 97 102 73 81 37 69 21 41 145 137 133 161 273 289 193 265 92 261 321 385 156 480 65 5 17 284 129 33 9 257 86 114 1 150 198 166 278 294 116 326 390 90 28 108 120 154 106 282 134 70 38 22 262 6 204 184 178 172 210 312 226 180 464 300 396 202 306 452 450 332 228 308 170 212 456 232 216 298 402 418 394 330 338 404 408 420 354 340 344 356 56 424 240 360 432 26 368 52 112 76 44 140 50 104 268 98 88 100 152 74 82 42 280 146 162 84 138 200 194 176 164 148 290 196 208 168 274 304 224 296 266 292 276 328 322 392 324 400 448 386 336 388 416 352 12 24 48 34 96 72 66 40 18 68 80 36 20 10 136 144 130 132 160 272 264 288 192 260 258 320 384 2 32 16 8 64 4 128 256 0

SNR -21.500
511 510 509 507 503 495 506 508 479 502 505 501 493 494 499 491 487 504 500 478 498 477 447 497 475 492 490 489 471 486 446 476 485 383 445 463 474 496 255 483 443 127 473 319 191 223 439 488 239 470 247 63 415 431 351 251 367 253 379 382 381 375 254 95 159 469 287 111 119 31 123 467 125 444 484 207 462 399 175 303 126 335 455 183 231 311 459 461 315 187 215 189 407 317 219 423 235 442 47 143 343 79 359 318 271 221 190 441 243 411 237 15 435 413 427 347 245 222 482 238 349 363 437 59 429 438 246 55 414 371 249 250 61 365 430 350 373 62 472 481 366 377 374 378 252 103 380 199 87 151 167 279 295 327 391 115 93 91 157 155 71 23 285 283 39 94 263 135 158 107 7 286 117 121 468 109 29 451 110 179 211 118 27 227 203 307 122 171 30 403 395 299 465 331 419 339 355 124 466 205 173 206 453 301 174 457 185 397 181 302 313 398 333 334 229 309 454 51 213 217 233 99 182 43 75 460 83 186 139 147 458 163 195 291 275 405 267 230 409 387 323 314 421 310 214 425 241 345 357 188 341 19 67 35 11 131 316 433 259 57 361 218 3 406 234 422 369 220 342 410 358 242 142 45 46 236 77 141 440 78 270 269 434 426 412 346 244 13 436 348 428 14 362 58 53 370 60 364 372 113 248 54 105 89 153 101 480 281 376 85 149 177 165 201 197 209 449 305 225 169 293 277 401 393 297 389 325 329 337 417 353 102 25 49 97 92 69 73 37 81 41 145 21 137 133 161 289 193 273 265 261 321 385 156 284 114 86 33 65 17 5 129 9 150 198 257 166 1 116 278 294 390 326 28 90 120 108 154 106 282 22 38 464 70 134 262 6 204 450 172 178 452 210 180 184 202 456 300 226 306 312 396 228 332 308 170 212 402 216 232 394 298 330 338 418 404 408 420 354 424 340 344 356 240 56 360 432 26 368 52 112 76 44 140 50 104 268 88 98 100 152 74 280 82 42 146 162 138 84 200 148 194 176 164 274 196 290 208 168 304 292 266 276 392 296 448 224 400 322 328 386 324 388 336 416 352 12 24 48 34 18 72 66 96 36 40 68 80 20 144 136 10 130 132 160 272 264 288 192 258 260 320 384 2 32 16 8 64 4 128 256 0

SNR -21.000
511 510 509 508 507 506 503 501 495 479 505 502 494 493 499 491 487 504 447 477 478 500 498 475 492 497 490 489 471 486 446 485 476 445 474 383 463 483 496 473 443 470 255 488 127 439 469 191 382 319 431 415 223 351 239 484 247 381 251 63 444 375 367 253 379 467 254 462 95 159 287 111 119 123 31 461 442 482 125 175 459 207 455 472 399 303 126 335 441 311 183 231 187 215 315 423 407 189 317 481 219 235 343 435 190 47 411 359 438 271 79 221 437 143 427 318 347 237 413 243 414 429 222 15 245 349 430 371 363 238 246 59 249 350 365 61 373 55 250 468 377 62 366 374 380 378 252 103 151 87 199 167 279 391 295 327 115 91 466 93 465 94 157 155 283 39 23 107 285 71 135 263 286 158 451 7 117 109 121 110 179 118 203 211 307 29 171 227 122 27 395 299 403 419 331 30 460 339 457 355 453 124 205 173 206 458 397 174 454 301 185 302 398 333 313 181 334 309 229 213 217 51 182 233 440 421 99 186 405 409 310 75 43 83 139 433 163 147 341 291 195 425 314 230 275 267 323 387 345 214 188 357 241 406 316 361 67 35 422 11 19 131 259 218 57 3 234 369 220 410 342 480 434 358 436 426 236 242 346 412 78 46 142 45 77 141 270 428 269 348 244 362 13 370 58 14 53 364 372 60 248 113 54 89 105 376 101 153 281 449 85 149 177 165 197 201 305 209 169 293 277 297 401 389 393 225 325 329 337 417 353 102 25 92 49 97 37 81 69 73 41 145 21 133 137 161 156 273 289 193 265 321 261 385 284 86 150 166 114 198 33 65 17 9 5 464 129 257 278 294 390 116 1 326 90 108 154 120 106 28 282 450 456 452 70 38 22 134 262 6 204 172 178 210 396 202 300 306 184 180 312 308 170 332 226 298 394 228 402 212 418 330 216 404 338 232 420 408 340 424 354 432 344 356 360 240 56 26 368 52 76 44 50 112 140 268 104 88 98 100 152 74 82 280 42 146 162 84 138 148 194 200 448 290 164 176 274 168 196 208 292 296 304 276 266 392 322 400 328 386 388 324 224 336 416 352 12 24 48 34 72 66 80 96 36 40 18 68 136 144 20 10 130 132 160 272 264 288 192 258 260 320 384 16 32 8 64 4 2 128 256 0

SNR -20.500
511 510 509 508 507 506 505 503 502 501 499 495 494 493 479 491 487 477 475 504 478 500 498 497 447 492 490 489 471 486 485 446 476 445 474 463 483 383 473 496 443 470 488 469 255 439 484 444 382 467 462 127 431 381 191 319 482 415 223 239 351 247 251 442 379 253 472 367 63 375 461 254 441 95 159 459 481 287 111 31 119 455 123 125 175 207 399 303 438 468 335 183 437 126 311 187 435 231 215 423 315 407 189 343 427 317 219 411 359 235 143 221 190 413 243 47 271 429 430 79 318 347 237 349 363 222 245 414 371 15 238 380 365 350 246 373 59 377 249 466 55 366 61 250 378 374 62 465 252 103 87 199 151 167 279 391 327 295 460 115 91 93 155 157 285 94 283 107 158 451 71 39 23 286 135 263 117 457 7 109 458 440 110 453 179 121 307 203 118 395 211 419 171 299 403 29 227 454 122 331 27 30 339 355 205 480 397 174 173 124 206 301 398 333 302 181 185 313 334 309 433 229 421 213 405 182 409 425 217 436 51 186 233 434 310 99 230 341 75 83 43 422 314 147 139 406 345 163 291 275 195 357 267 214 387 323 361 241 188 316 218 410 426 234 342 35 19 67 369 11 131 259 358 57 3 220 412 428 242 346 236 46 348 78 362 244 45 142 77 141 269 270 370 364 13 53 372 14 58 376 248 60 113 54 89 105 101 153 449 281 464 85 149 165 177 197 201 305 293 169 277 209 393 401 389 297 417 325 329 225 337 353 102 25 49 92 97 156 37 69 73 41 81 21 86 145 137 133 284 161 273 289 193 265 261 321 150 385 198 166 278 114 294 390 33 17 65 9 5 129 326 257 116 1 90 108 154 456 106 450 282 452 28 120 70 22 134 204 38 262 178 172 396 6 306 300 202 180 210 394 332 402 312 418 184 170 308 226 298 228 212 420 404 330 432 338 424 408 216 232 354 340 356 344 360 240 56 368 26 52 44 76 50 140 112 268 104 98 88 100 152 82 74 42 448 146 280 162 84 138 148 290 194 274 164 200 176 168 196 392 292 266 304 276 208 296 386 400 328 322 388 324 416 224 336 352 12 24 48 34 66 72 18 40 96 36 80 68 136 20 144 10 130 132 272 160 264 288 258 192 260 320 384 32 16 8 64 2 4 128 256 0

SNR -20.000
511 510 509 508 507 506 505 503 502 501 499 495 494 493 491 487 479 447 478 475 477 500 471 504 497 490 489 498 492 446 486 476 485 445 474 463 483 473 443 470 383 496 469 488 439 484 467 444 462 382 482 255 442 461 431 472 381 441 481 127 415 379 459 191 319 223 468 239 247 375 438 367 251 351 253 63 254 455 437 95 159 287 111 466 119 123 31 435 399 175 125 207 335 303 430 183 423 126 427 311 315 407 380 231 215 187 429 465 189 411 343 317 219 413 359 235 460 347 221 318 143 243 190 414 377 47 271 237 79 363 371 349 245 378 238 222 365 373 246 15 249 350 374 59 366 250 55 61 440 62 252 458 103 87 457 480 151 167 391 279 199 295 327 451 115 91 93 155 453 454 157 285 283 94 107 158 71 135 39 263 23 286 117 109 436 7 121 395 419 179 403 307 110 171 203 211 299 122 331 118 227 29 339 433 30 27 355 397 205 434 173 206 301 398 124 333 174 421 185 302 181 425 309 334 313 405 409 213 229 422 217 182 233 186 310 51 426 428 406 314 341 214 357 345 230 99 75 410 139 83 43 147 361 163 291 188 195 241 387 275 267 323 342 218 316 369 234 358 412 464 220 67 35 131 19 11 259 346 57 3 236 242 362 244 370 348 46 376 45 77 141 270 142 372 78 364 269 13 53 58 14 248 60 449 113 54 89 105 101 153 281 85 149 165 393 293 401 177 197 389 169 305 201 417 277 209 297 325 329 337 225 456 353 102 92 86 25 450 49 452 156 284 97 150 37 166 69 81 73 41 137 145 21 133 390 161 273 289 265 193 294 261 385 321 198 114 278 326 90 116 33 17 65 9 5 129 257 154 1 108 106 282 120 28 396 432 204 178 402 172 418 394 300 70 22 38 134 306 420 332 262 202 170 180 210 404 308 6 298 184 424 330 312 226 338 212 408 228 216 354 232 340 356 344 360 240 368 56 26 52 76 44 50 140 112 448 268 104 98 88 100 152 82 74 42 146 280 84 138 162 148 290 274 392 164 168 200 292 194 296 400 176 266 388 196 386 276 304 322 328 208 416 324 336 224 352 12 24 48 34 66 72 40 18 80 36 96 68 136 144 20 10 130 132 160 272 264 288 258 260 192 384 320 16 32 2 64 8 4 128 256 0

SNR -19.500
511 510 509 508 507 506 505 503 502 501 499 495 494 493 491 487 479 478 477 447 475 471 504 500 498 497 490 492 486 489 463 485 445 446 483 476 474 443 383 473 470 469 496 439 488 467 462 444 484 461 442 382 482 431 472 441 381 255 481 459 468 438 379 415 437 127 466 455 375 191 319 223 239 251 253 351 247 254 367 63 435 465 430 460 95 287 380 159 429 111 123 119 125 31 399 427 423 175 303 440 335 207 407 126 411 311 183 378 315 414 187 215 458 413 231 343 377 189 317 359 219 235 347 237 371 363 221 190 480 243 318 79 47 373 365 349 245 222 457 143 271 374 238 246 350 15 249 366 250 59 55 61 436 252 454 62 451 453 103 151 87 391 295 279 167 327 199 434 91 115 433 93 157 155 283 285 286 107 94 158 71 39 419 23 263 135 117 403 395 109 307 121 7 179 464 110 171 203 299 211 331 118 122 428 339 29 227 425 397 421 355 398 27 30 173 301 205 422 426 124 333 405 206 302 185 174 181 409 334 313 309 406 213 182 310 229 341 410 217 186 233 314 357 345 51 214 412 361 369 230 342 99 75 188 43 83 139 147 218 241 163 387 291 275 358 267 323 195 316 234 376 346 220 370 362 57 67 236 19 35 131 242 11 348 259 372 3 364 244 46 45 77 78 270 141 456 142 269 449 53 248 13 58 14 60 113 54 89 105 153 101 281 85 417 393 149 452 401 389 165 293 177 277 297 197 305 201 209 169 325 450 329 337 225 353 102 92 86 25 390 150 49 284 156 294 278 432 166 97 37 69 81 41 73 198 21 137 145 114 133 161 289 273 265 326 261 193 385 321 90 116 154 33 65 17 9 5 129 257 106 282 1 108 120 418 28 420 424 396 394 402 172 300 404 178 204 170 306 298 180 210 332 202 330 70 308 22 38 134 184 408 262 312 212 338 6 226 228 354 340 232 356 216 344 360 368 240 26 56 448 52 76 44 50 140 268 112 98 104 88 100 152 74 82 280 42 146 84 138 162 392 290 148 274 386 416 400 164 296 292 168 266 388 200 194 176 276 196 322 304 328 208 324 336 224 352 12 24 48 34 66 72 36 18 40 80 68 96 136 20 10 144 130 132 272 264 160 288 258 260 384 192 320 32 16 8 2 64 4 128 256 0

SNR -19.000
511 510 509 508 507 506 505 503 502 501 499 495 494 493 491 487 479 478 477 475 447 471 504 492 490 463 498 486 446 489 445 485 443 497 476 500 483 383 474 470 439 469 473 496 462 467 444 488 484 461 442 431 382 482 441 472 459 381 481 438 468 255 437 379 415 466 455 435 430 465 460 375 127 191 380 367 319 429 254 440 223 253 351 251 239 458 247 63 427 378 480 159 287 95 414 457 423 436 111 123 377 399 119 31 413 125 207 175 407 303 335 411 311 126 183 454 187 315 374 215 231 189 343 359 373 317 371 219 363 235 221 347 318 237 365 349 190 243 245 453 222 434 47 143 366 350 79 271 238 249 246 250 451 15 55 59 433 252 464 61 62 428 103 391 87 295 167 151 327 279 199 91 93 115 283 155 419 157 107 285 426 425 94 158 395 286 403 421 71 23 117 135 39 109 263 110 307 422 179 121 171 203 299 331 397 7 118 211 339 398 355 227 405 122 173 409 29 205 301 27 30 333 376 456 406 412 174 334 302 309 124 206 181 313 410 185 213 310 182 229 341 357 369 186 233 217 345 314 361 214 342 230 358 51 370 372 218 99 316 188 75 83 346 43 241 147 387 139 275 163 234 362 291 267 323 195 220 236 364 348 242 57 35 67 11 19 244 131 449 259 452 3 45 46 142 78 77 141 270 269 450 53 248 58 13 14 432 60 54 113 89 101 105 417 153 281 393 85 389 401 149 165 293 277 169 177 197 201 305 297 325 329 209 337 225 353 102 390 86 92 150 156 166 278 25 284 294 326 49 198 424 37 97 81 114 69 73 41 145 21 90 137 133 273 289 161 385 265 261 321 193 116 418 282 154 420 108 106 17 33 65 5 9 129 257 1 402 396 120 394 404 28 408 172 178 300 306 204 170 298 202 308 332 180 330 210 338 184 70 312 38 22 212 134 262 226 354 340 228 356 6 216 360 344 232 368 240 26 56 448 52 76 44 50 140 268 98 100 104 112 88 82 152 42 74 280 146 416 392 138 84 386 162 388 274 400 290 148 164 292 276 168 266 194 296 200 322 328 196 304 176 324 208 336 224 352 12 24 48 34 66 72 18 40 68 36 80 96 136 20 144 10 132 130 272 160 264 288 384 258 260 192 320 16 32 2 8 64 4 128 256 0

SNR -18.500
511 510 509 508 507 506 505 504 503 502 501 499 498 495 494 493 491 487 479 478 477 475 471 463 447 446 445 492 500 497 486 490 489 443 439 485 483 476 383 474 470 473 469 431 461 467 462 496 444 442 488 382 441 484 459 438 482 381 472 481 437 468 379 466 455 415 255 435 430 465 460 375 429 458 440 380 427 457 254 367 436 378 127 253 480 414 351 319 191 223 239 251 454 247 423 377 63 434 413 374 95 453 159 287 411 111 399 407 119 373 464 123 433 31 303 207 125 175 428 335 371 311 183 451 126 359 315 187 343 317 231 215 189 363 366 365 347 219 221 349 235 318 243 237 190 245 252 350 249 47 271 222 238 143 250 79 246 426 59 15 55 425 61 456 62 103 391 419 87 295 151 279 422 327 167 376 421 199 115 91 93 403 412 283 155 395 107 285 94 157 286 158 117 397 409 109 71 110 39 331 135 410 307 299 263 203 405 23 121 171 179 398 339 355 211 118 406 7 227 301 173 122 452 205 333 302 29 372 174 309 369 206 27 334 181 30 313 370 124 185 341 357 213 310 182 361 229 314 345 217 358 186 342 233 432 214 449 230 362 316 51 450 346 364 241 218 188 234 99 75 387 43 83 139 147 291 163 275 267 323 348 195 220 242 236 244 57 35 19 67 11 131 259 3 248 46 78 142 45 77 141 270 269 53 58 13 417 60 14 101 113 54 89 424 393 105 389 401 153 281 85 149 277 165 293 297 169 325 197 305 329 201 177 337 209 353 225 418 102 420 390 86 92 294 150 278 156 166 284 326 198 25 49 90 114 97 69 37 81 41 73 21 145 116 385 282 137 154 133 273 402 396 289 161 265 394 106 261 321 193 108 404 408 17 33 65 9 5 129 257 120 1 300 306 332 172 298 170 330 28 178 204 308 202 180 338 210 354 340 368 312 212 184 356 226 70 22 38 360 134 228 262 344 216 232 6 448 240 26 56 52 50 44 76 140 416 268 98 100 88 112 392 104 74 82 386 42 388 152 146 400 280 138 84 290 274 162 148 266 296 276 164 292 168 328 322 194 324 200 196 304 176 336 208 352 224 12 24 48 34 66 18 72 36 40 68 80 96 20 136 144 10 130 272 132 264 384 288 160 260 258 320 192 32 16 8 64 2 4 128 256 0

SNR -18.000
511 510 509 508 507 506 505 504 503 502 501 500 499 498 495 494 493 491 490 489 487 479 478 477 475 471 463 447 446 445 443 383 492 486 439 474 483 476 485 470 497 473 467 462 469 444 442 431 459 461 382 488 496 441 482 379 438 437 381 484 472 481 455 468 415 435 466 430 255 465 429 460 375 458 380 440 427 457 436 378 414 367 454 254 480 377 434 423 413 253 453 374 351 428 251 433 127 319 464 191 247 223 411 239 373 63 451 426 371 407 95 399 287 159 366 111 119 335 207 123 456 175 365 303 31 363 125 311 425 359 343 183 187 315 126 252 347 215 231 317 349 189 219 235 376 350 221 243 318 245 422 237 190 249 250 412 238 222 246 47 143 79 271 421 15 419 59 55 61 452 391 62 410 103 87 151 279 432 372 409 295 327 199 167 403 395 91 155 115 93 283 397 405 285 157 406 107 94 158 286 398 370 369 299 117 331 450 109 339 179 307 355 171 71 39 23 135 263 203 110 118 121 211 449 301 227 122 7 333 173 302 205 357 309 334 361 174 29 206 181 341 30 313 27 364 185 358 345 362 213 310 124 182 342 314 229 217 186 214 230 233 346 316 234 218 424 188 241 51 348 387 99 242 75 43 83 220 139 291 275 147 267 236 163 323 195 244 248 57 67 19 35 131 11 259 417 3 78 77 142 45 46 141 270 269 420 53 58 418 389 393 401 13 60 14 89 54 101 113 281 105 153 85 277 149 293 325 165 297 329 169 305 390 197 337 177 201 353 209 225 408 102 86 402 394 294 278 150 92 404 156 326 166 396 284 198 90 282 25 114 154 49 106 69 73 37 385 97 41 81 108 21 116 145 273 137 133 289 161 265 261 321 193 368 33 65 17 5 9 129 257 298 120 330 300 448 1 332 338 306 170 354 172 356 204 178 202 308 28 180 360 340 210 312 212 184 344 226 228 38 22 70 134 216 262 232 6 240 26 56 416 52 76 50 44 140 268 386 392 388 400 98 74 88 100 82 104 42 112 280 152 274 290 138 146 84 162 276 292 266 322 148 296 164 324 328 168 304 194 200 196 336 176 208 352 224 12 24 48 34 18 66 72 40 68 36 80 96 20 10 136 384 144 272 130 264 132 288 258 160 260 320 192 16 32 8 64 2 4 128 256 0

SNR -17.500
511 510 509 508 507 506 505 504 503 502 501 500 499 498 497 495 494 493 492 491 490 489 487 486 485 483 479 478 477 476 475 474 473 471 463 447 446 445 443 439 383 431 470 469 462 467 461 442 382 381 444 415 459 441 438 379 488 455 484 482 430 496 435 468 472 481 429 437 375 466 255 465 427 460 458 380 440 457 378 414 367 436 454 434 377 423 413 254 453 480 374 433 428 253 411 373 464 351 426 451 251 371 366 319 425 127 407 456 247 191 239 223 365 376 422 399 63 412 363 252 95 287 159 421 111 359 452 119 123 350 335 303 175 207 343 311 125 349 31 315 183 250 347 432 410 317 215 372 249 187 231 126 318 189 219 419 243 245 235 221 237 190 246 238 222 409 79 47 271 143 450 370 55 59 406 61 15 391 369 403 405 62 103 449 395 87 279 295 327 151 167 424 199 397 398 364 283 91 93 155 285 115 157 94 107 355 286 331 299 339 361 158 307 362 117 109 357 179 171 110 203 301 71 39 121 333 211 23 135 358 263 118 227 173 334 309 205 302 122 341 7 313 206 181 345 174 310 29 342 185 346 213 314 420 30 27 182 124 348 229 217 233 186 214 230 316 241 234 218 188 248 242 417 387 51 244 220 418 236 99 83 75 43 291 275 139 267 147 323 163 195 57 408 67 35 19 11 131 259 46 77 45 270 78 142 3 401 269 141 393 389 53 58 60 54 13 89 281 101 390 402 368 404 105 153 14 113 85 293 277 325 329 149 353 297 165 337 305 169 394 197 201 177 209 396 448 102 225 86 278 294 326 150 92 284 166 156 282 90 198 114 154 25 106 49 385 108 354 69 37 73 81 41 116 97 360 273 21 145 289 137 356 265 133 161 261 321 332 193 298 330 338 300 306 120 308 172 170 33 17 65 9 5 129 257 178 340 202 204 1 210 180 312 28 344 212 226 184 228 216 70 232 38 22 134 262 240 6 416 26 56 400 52 392 76 44 388 386 50 140 268 98 74 82 42 280 100 88 290 274 104 146 152 138 84 276 112 266 292 322 162 296 328 148 324 164 168 352 336 304 194 200 196 176 208 224 12 24 48 34 384 72 66 40 36 18 80 68 96 272 136 20 10 144 264 130 288 132 260 258 160 320 192 16 32 8 64 2 4 128 256 0

SNR -17.000
511 510 509 508 507 506 505 504 503 502 501 500 499 498 497 495 494 493 492 491 490 489 487 486 485 483 479 478 477 476 475 474 473 471 470 469 467 463 461 447 446 445 443 439 431 383 382 462 459 381 442 415 441 379 455 437 444 255 438 435 429 430 375 484 488 496 427 482 472 481 465 468 460 466 458 380 367 378 457 440 436 413 454 414 377 423 434 453 374 254 411 433 428 373 253 480 426 351 451 371 425 464 366 407 251 422 365 456 376 412 247 421 319 399 452 372 363 410 252 127 239 191 350 432 223 419 63 409 359 349 250 450 370 95 287 249 159 347 111 335 406 303 424 123 343 119 175 311 317 207 315 125 245 369 318 31 246 183 187 243 231 215 235 449 126 364 189 219 237 405 221 190 238 222 403 79 271 143 47 391 398 362 397 395 61 55 59 420 15 361 62 87 103 327 279 295 151 355 167 199 357 358 91 283 285 155 93 331 107 157 115 286 339 94 299 307 348 158 418 117 109 333 171 345 179 110 341 203 408 301 346 417 211 334 309 121 302 23 39 118 71 263 227 173 248 135 342 205 313 122 310 174 181 206 7 185 314 182 213 29 229 316 124 233 241 186 217 27 30 214 244 242 230 234 218 387 188 368 236 51 220 404 99 75 43 275 267 291 83 323 147 139 163 401 448 195 402 393 389 57 67 45 19 46 35 11 77 131 259 270 269 78 141 142 3 390 53 396 394 60 58 353 281 54 89 277 153 101 325 105 13 329 293 14 85 360 113 297 149 337 165 305 169 197 201 177 209 278 102 225 326 354 86 356 294 150 284 166 282 92 90 198 156 154 330 106 114 338 108 25 332 385 116 298 49 306 340 37 69 300 273 73 41 81 21 97 289 145 137 265 261 133 321 308 161 344 193 170 172 416 178 120 202 204 180 210 33 17 312 65 9 5 129 257 1 212 28 228 226 184 216 232 240 38 70 22 134 262 6 26 400 56 388 392 386 44 76 52 50 268 140 274 74 98 280 352 42 82 290 266 104 276 88 322 328 100 146 324 152 138 292 84 162 296 148 112 336 164 304 168 194 200 196 176 208 224 12 384 24 48 34 72 66 18 36 40 68 272 80 264 10 20 136 144 288 96 130 260 258 132 320 160 192 16 32 8 64 2 4 128 256 0

SNR -16.500
511 510 509 508 507 506 505 504 503 502 501 500 499 498 497 495 494 493 492 491 490 489 487 486 485 483 479 478 477 476 475 474 473 471 470 469 467 463 462 461 459 447 446 445 444 443 442 441 439 438 431 383 382 381 379 375 455 430 415 437 255 435 496 429 488 367 484 482 468 427 466 472 423 465 481 460 414 378 380 440 373 458 377 413 436 453 434 411 457 454 428 374 433 254 451 426 253 351 371 407 425 366 480 422 251 365 464 421 412 376 456 363 410 372 399 452 319 247 419 350 409 252 432 370 406 359 450 349 239 250 424 369 364 127 223 405 191 449 249 347 63 420 246 318 362 343 287 335 403 159 245 317 95 398 111 315 119 311 303 243 123 175 207 125 187 361 231 183 215 235 237 238 31 219 397 126 189 221 418 408 222 190 391 358 395 348 47 271 79 143 357 355 417 55 59 15 61 327 346 248 62 103 279 295 151 87 368 345 167 339 283 199 331 91 404 285 341 157 333 155 107 115 299 342 286 93 307 334 158 94 301 109 171 117 309 179 203 448 313 110 211 121 302 227 310 316 244 118 314 173 39 205 263 23 122 241 71 135 242 181 206 174 229 402 213 185 233 401 182 7 230 217 234 214 124 186 29 27 387 218 236 30 360 188 220 396 51 393 389 323 275 291 43 75 267 99 83 139 147 163 394 195 390 57 353 269 45 270 77 46 67 35 259 19 78 131 11 141 356 142 53 3 354 58 325 281 329 337 54 277 89 293 60 101 416 297 105 153 85 149 113 305 13 165 14 326 169 197 201 177 278 344 209 294 102 225 86 338 150 282 284 330 92 166 340 90 332 156 198 298 154 106 114 385 306 300 116 108 25 308 49 170 312 273 37 69 41 289 81 321 73 265 21 261 145 97 133 137 178 161 202 120 172 193 204 210 180 226 212 228 240 33 65 17 9 5 129 257 184 1 232 400 216 28 70 38 22 262 134 392 6 388 386 26 56 352 268 44 52 50 76 140 322 274 328 290 324 280 266 82 276 42 74 98 336 292 88 100 296 146 104 138 84 152 148 162 112 164 304 168 194 200 196 176 208 224 384 12 24 48 34 72 66 40 36 264 18 272 68 80 320 288 144 20 10 136 258 260 130 96 132 160 192 32 16 8 64 2 4 128 256 0

SNR -16.000
511 510 509 508 507 506 505 504 503 502 501 500 499 498 497 495 494 493 492 491 490 489 487 486 485 483 479 478 477 476 475 474 473 471 470 469 467 463 462 461 459 455 447 446 445 444 443 442 441 439 438 437 435 431 430 429 427 415 383 382 381 379 375 367 255 423 496 414 488 413 482 472 481 380 378 465 466 484 374 468 411 458 440 373 460 377 253 454 434 457 254 453 436 433 351 371 451 366 426 407 425 428 251 422 365 421 480 412 363 464 399 376 410 247 456 372 419 409 350 319 359 452 349 252 406 432 370 450 250 364 369 405 424 347 239 249 449 362 420 403 246 398 318 361 343 223 127 245 191 397 418 317 358 408 348 335 243 63 315 238 287 357 95 417 311 303 395 159 111 237 119 235 123 207 175 346 231 404 368 183 125 215 248 391 219 187 189 221 355 31 222 126 190 345 271 342 47 79 402 143 448 55 327 341 339 59 244 279 61 295 15 360 331 316 62 103 87 401 283 333 151 334 167 199 285 91 299 307 242 396 241 155 313 286 93 314 107 157 309 301 115 94 310 302 109 171 158 203 227 179 211 110 117 173 233 121 205 118 229 181 236 174 230 122 234 39 263 71 206 23 213 135 356 394 217 185 387 214 182 393 186 218 29 124 7 30 389 27 220 416 390 188 353 354 323 51 267 275 291 344 43 75 99 83 139 147 163 195 269 57 270 45 77 46 78 141 337 329 142 325 35 259 67 19 11 131 53 340 3 281 277 293 58 297 326 54 338 89 60 305 101 105 153 85 149 165 330 278 113 294 13 169 197 332 201 14 177 282 209 225 400 102 284 86 150 298 166 90 92 306 198 300 312 308 154 385 156 240 106 114 108 116 170 25 202 226 49 321 228 172 273 204 210 178 265 289 69 37 261 41 73 81 21 137 97 145 133 232 180 161 120 212 193 184 33 17 65 9 216 257 392 5 129 28 1 386 388 262 70 38 22 134 352 6 26 56 268 322 44 76 336 324 50 52 328 274 140 290 266 292 276 280 74 82 296 42 98 146 100 88 138 152 104 84 304 162 148 164 112 168 194 200 196 176 208 224 384 12 24 48 272 34 264 66 320 40 36 72 18 68 288 260 258 80 136 20 10 144 96 130 132 160 192 32 16 8 64 2 256 4 128 0

SNR -15.500
511 510 509 508 507 506 505 504 503 502 501 500 499 498 497 495 494 493 492 491 490 489 488 487 486 485 483 479 478 477 476 475 474 473 471 470 469 467 463 462 461 459 455 447 446 445 444 443 442 441 439 438 437 435 431 430 429 427 423 415 414 413 383 382 381 380 379 375 367 351 255 378 496 411 468 484 472 466 481 253 482 374 407 377 460 457 371 440 436 465 454 458 373 453 254 365 451 434 366 428 251 426 433 425 399 422 363 410 421 350 412 319 247 419 409 372 359 376 480 406 349 464 370 405 456 347 252 452 364 369 432 450 250 239 424 362 403 249 449 361 398 343 420 246 318 397 358 245 418 348 317 408 223 357 395 417 346 335 238 243 404 315 368 191 355 345 127 237 248 402 311 391 342 235 63 360 303 287 95 231 222 244 159 448 401 111 221 396 341 119 207 316 175 219 183 123 215 125 187 189 190 31 126 339 334 242 356 314 271 333 327 394 241 47 143 79 313 331 55 279 295 59 236 416 61 307 309 310 283 15 393 87 103 299 62 151 354 285 167 199 344 301 286 91 234 233 93 155 107 302 157 227 115 94 171 353 203 229 158 390 211 109 230 387 179 117 205 110 173 213 389 118 206 181 121 217 174 214 122 263 218 71 185 23 39 135 220 186 182 340 124 29 7 188 30 27 400 323 337 338 51 291 267 275 75 43 83 99 147 139 163 195 329 325 269 270 332 326 57 45 330 78 77 141 46 142 53 240 281 293 67 277 259 19 35 11 297 131 312 305 3 54 58 294 89 101 85 60 153 149 105 278 165 306 282 308 197 201 169 113 225 298 284 209 14 13 392 177 86 102 150 385 300 166 90 198 92 154 232 156 106 226 228 114 108 202 352 170 116 210 204 388 172 321 212 25 178 386 180 273 49 265 289 261 37 69 41 73 81 21 145 120 137 97 133 161 216 193 184 33 17 65 257 9 5 129 28 1 262 70 38 22 134 336 26 6 322 328 324 268 56 274 290 50 44 266 52 76 292 276 140 280 296 304 42 82 74 146 98 138 84 88 100 148 152 162 104 164 194 168 200 196 112 224 208 176 384 12 320 24 272 264 48 34 288 260 18 72 40 66 258 36 68 80 20 136 144 10 132 130 96 160 192 16 32 64 8 256 2 4 128 0

SNR -15.000
511 510 509 508 507 506 505 504 503 502 501 500 499 498 497 496 495 494 493 492 491 490 489 488 487 486 485 484 483 482 481 479 478 477 476 475 474 473 472 471 470 469 467 463 462 461 459 455 447 446 445 444 443 442 441 439 438 437 435 431 430 429 427 423 415 414 413 411 407 383 382 381 380 379 378 377 375 374 373 371 367 366 351 255 254 253 251 468 466 465 457 458 363 365 460 399 440 436 453 454 247 433 451 425 350 434 428 422 426 319 359 421 349 410 409 419 347 412 376 406 239 252 370 480 250 372 464 369 403 364 405 343 456 249 450 361 452 362 432 246 398 424 318 245 397 449 358 317 420 348 357 223 418 395 335 408 346 243 315 238 417 355 345 404 237 368 342 402 248 391 311 341 360 191 235 401 244 316 396 222 127 448 356 231 339 303 334 242 221 394 314 287 219 63 333 241 236 215 344 354 313 95 159 393 207 111 416 190 175 119 123 189 187 183 125 331 126 310 31 353 390 327 234 309 271 340 307 233 47 79 143 295 389 279 55 299 302 301 283 59 230 227 285 229 151 400 61 286 387 87 15 103 220 199 167 62 91 155 338 211 93 107 157 203 217 218 115 205 171 213 109 179 94 158 173 337 214 117 206 110 118 181 174 185 121 122 182 332 263 186 240 23 71 39 188 135 312 124 323 29 7 330 329 27 30 392 325 326 291 267 275 51 75 43 139 83 269 147 99 163 195 308 270 352 305 293 306 277 297 45 77 57 141 281 232 46 78 142 294 53 278 259 35 225 67 19 11 388 131 298 282 385 54 300 58 284 85 149 101 89 153 3 165 197 105 201 228 226 60 209 169 113 386 150 86 177 102 198 166 14 13 90 154 92 156 106 202 210 170 216 212 204 114 108 172 116 178 321 336 180 25 273 289 265 261 49 120 37 69 73 184 41 81 21 145 137 133 97 161 193 257 33 17 65 9 5 129 28 262 1 328 38 70 324 22 322 134 26 6 268 304 290 274 266 292 296 276 280 50 56 76 44 140 52 74 42 82 146 138 98 224 148 84 100 162 384 194 152 88 164 104 196 200 168 208 112 176 320 12 264 272 24 260 288 258 48 34 18 66 40 72 36 68 136 80 20 144 10 130 132 96 160 192 16 32 256 8 64 2 4 128 0

SNR -14.500
511 510 509 508 507 506 505 504 503 502 501 500 499 498 497 496 495 494 493 492 491 490 489 488 487 486 485 484 483 482 481 479 478 477 476 475 474 473 472 471 470 469 468 467 466 465 463 462 461 460 459 457 455 447 446 445 444 443 442 441 440 439 438 437 436 435 431 430 429 427 423 415 414 413 411 407 399 383 382 381 380 379 378 377 375 374 373 371 367 366 365 363 359 351 319 255 254 253 251 247 239 458 434 454 428 349 453 350 422 347 426 425 451 412 410 419 433 376 406 409 370 421 250 364 343 318 362 372 405 361 403 398 249 369 317 358 456 480 246 452 397 464 348 357 245 315 432 450 243 223 252 395 335 449 424 420 355 346 238 345 418 417 237 408 342 391 311 404 341 368 235 248 402 360 401 244 316 191 396 339 222 334 356 242 231 221 314 394 303 333 448 354 241 236 313 393 344 127 219 310 331 353 416 234 287 390 340 190 215 309 233 189 389 327 207 63 159 338 187 95 230 111 175 400 119 307 183 123 125 302 220 126 229 387 31 301 337 332 227 271 299 218 295 240 312 279 47 283 143 286 285 79 217 55 59 392 199 330 61 87 214 151 213 211 167 103 15 203 155 62 91 157 205 93 329 107 206 171 179 115 188 352 109 94 158 173 117 308 181 185 186 110 174 182 121 118 326 232 122 323 325 263 124 388 39 71 23 135 305 306 29 291 27 7 30 275 267 228 300 269 297 51 293 385 386 75 43 270 139 225 298 83 195 226 147 294 163 336 99 277 281 278 45 46 77 141 282 78 142 57 284 53 216 197 209 259 54 201 58 35 67 85 19 149 153 11 89 131 101 165 105 198 169 60 3 210 86 177 113 212 150 102 202 90 166 154 156 204 14 13 92 106 170 321 328 178 114 108 172 180 116 184 289 265 273 261 25 120 324 322 49 37 69 41 73 21 81 137 145 133 193 97 161 304 262 257 33 17 65 9 5 129 28 1 38 70 134 22 290 268 292 296 26 266 274 276 384 280 224 6 44 50 76 140 52 56 74 42 146 138 82 196 194 200 98 84 162 148 208 100 88 164 152 168 104 176 112 320 264 12 288 272 260 258 24 34 48 66 18 36 40 72 68 136 20 80 10 144 132 130 160 192 96 256 16 32 8 64 2 4 128 0

SNR -14.000
511 510 509 508 507 506 505 504 503 502 501 500 499 498 497 496 495 494 493 492 491 490 489 488 487 486 485 484 483 482 481 479 478 477 476 475 474 473 472 471 470 469 468 467 466 465 463 462 461 460 459 458 457 455 454 453 451 447 446 445 444 443 442 441 440 439 438 437 436 435 434 433 431 430 429 428 427 426 425 423 421 419 415 414 413 412 411 407 399 383 382 381 380 379 378 377 375 374 373 371 367 366 365 363 359 351 350 349 347 343 319 255 254 253 251 247 239 223 410 422 335 409 405 252 372 250 403 376 406 318 370 315 364 362 245 358 398 243 397 369 395 317 249 361 348 237 311 357 355 480 456 238 246 464 346 424 345 341 449 450 420 235 391 432 452 417 408 342 339 418 404 222 402 401 334 303 368 396 316 248 231 191 360 333 314 221 244 242 394 356 313 241 236 219 354 331 310 393 344 309 234 353 448 340 390 287 233 127 215 190 389 327 416 338 230 307 302 189 220 229 332 337 400 301 207 387 218 187 312 240 330 227 183 126 217 299 392 63 159 125 308 175 123 95 111 119 286 214 329 295 352 232 285 213 31 188 326 271 283 306 279 211 388 206 47 79 143 199 205 325 186 203 55 228 305 59 185 151 167 87 103 61 300 323 155 179 157 336 181 171 91 15 62 182 107 173 93 115 158 109 117 94 174 386 110 121 118 226 122 124 298 225 216 263 297 385 291 71 135 23 39 294 293 267 275 27 29 284 328 269 30 7 281 212 270 277 195 282 51 278 209 139 75 43 147 210 83 163 99 141 197 45 77 201 78 46 57 142 53 198 204 202 149 165 54 324 85 153 259 169 101 58 89 177 35 321 19 67 11 105 131 150 184 60 166 86 304 102 113 154 3 178 322 90 170 156 180 106 172 92 114 108 13 14 116 289 120 265 273 261 25 224 49 37 296 193 69 41 133 137 145 73 21 81 384 161 97 262 292 290 257 28 33 17 9 65 129 5 268 70 38 266 134 274 22 1 276 280 26 208 194 196 6 44 200 140 50 76 56 42 52 138 146 74 82 162 148 164 84 98 152 100 168 88 176 104 320 112 288 264 272 260 258 12 24 34 48 36 40 66 18 136 72 68 144 192 20 130 132 80 10 160 96 256 32 16 8 64 2 4 128 0

SNR -13.500
511 510 509 508 507 506 505 504 503 502 501 500 499 498 497 496 495 494 493 492 491 490 489 488 487 486 485 484 483 482 481 479 478 477 476 475 474 473 472 471 470 469 468 467 466 465 463 462 461 460 459 458 457 455 454 453 451 447 446 445 444 443 442 441 440 439 438 437 436 435 434 433 431 430 429 428 427 426 425 423 422 421 419 415 414 413 412 411 410 409 407 406 405 403 399 383 382 381 380 379 378 377 376 375 374 373 372 371 370 369 367 366 365 364 363 359 351 350 349 347 343 335 319 318 317 315 311 255 254 253 252 251 250 249 247 246 245 243 239 223 398 362 395 238 358 361 237 348 397 235 346 480 391 342 355 191 357 222 452 303 341 464 345 432 334 339 420 450 449 231 456 418 424 248 404 417 219 408 402 316 242 333 401 396 244 331 314 313 368 394 241 360 221 309 356 310 236 234 393 390 354 215 327 344 233 340 307 353 287 230 302 190 389 127 338 189 448 229 220 337 301 332 416 218 387 207 187 330 312 400 299 227 217 240 329 308 214 286 392 183 232 326 126 213 306 295 352 285 188 125 388 325 175 228 305 300 211 206 283 186 123 159 63 336 119 95 111 205 323 185 226 298 386 279 216 271 203 182 31 199 297 225 143 181 328 385 47 79 179 167 55 151 171 59 124 212 155 294 174 61 87 173 103 157 284 91 62 158 107 93 115 121 117 293 15 122 109 291 94 118 110 210 282 324 263 281 209 304 275 267 135 39 277 71 269 23 204 278 270 184 195 29 27 322 30 201 202 197 7 321 198 139 147 51 163 75 43 83 99 141 142 45 177 180 77 46 78 53 165 296 57 169 178 149 224 153 54 166 85 150 58 101 89 259 170 105 154 172 86 113 102 35 19 67 384 131 60 11 156 90 289 106 3 114 92 116 292 108 120 14 13 290 273 265 261 193 280 25 262 208 137 37 133 49 145 69 41 161 21 73 81 274 97 276 268 266 257 28 38 134 33 17 70 9 22 65 129 5 200 196 194 1 320 26 140 44 146 50 138 162 52 76 74 148 164 176 42 6 56 82 168 152 98 84 100 88 104 112 288 272 264 258 260 12 192 24 34 136 18 36 66 40 48 72 130 144 132 68 20 10 160 80 96 256 16 32 8 64 4 2 128 0

SNR -13.000
511 510 509 508 507 506 505 504 503 502 501 500 499 498 497 496 495 494 493 492 491 490 489 488 487 486 485 484 483 482 481 479 478 477 476 475 474 473 472 471 470 469 468 467 466 465 463 462 461 460 459 458 457 455 454 453 451 447 446 445 444 443 442 441 440 439 438 437 436 435 434 433 431 430 429 428 427 426 425 423 422 421 419 415 414 413 412 411 410 409 407 406 405 403 399 398 397 395 383 382 381 380 379 378 377 376 375 374 373 372 371 370 369 367 366 365 364 363 362 361 359 358 357 355 351 350 349 348 347 346 345 343 342 335 319 318 317 315 311 303 255 254 253 252 251 250 249 247 246 245 243 239 238 237 235 231 223 222 221 191 341 391 334 333 339 219 331 480 215 287 464 424 316 452 248 450 432 310 418 456 127 420 417 408 244 404 314 402 449 313 190 234 401 327 360 189 241 394 368 307 242 309 233 393 396 302 390 207 230 344 236 389 340 353 229 338 301 332 356 187 354 220 337 227 299 330 387 329 217 218 312 183 214 448 286 416 308 213 295 326 285 240 400 306 126 325 232 188 392 206 211 305 228 125 300 175 283 352 186 205 388 298 185 323 226 336 216 123 297 386 182 203 279 225 159 212 328 181 294 119 284 385 63 111 199 124 271 95 293 210 174 179 324 282 304 173 204 122 209 31 291 171 121 184 167 281 143 158 47 79 151 157 155 55 322 59 87 103 118 117 61 115 91 202 278 107 93 109 62 296 110 94 277 15 201 321 180 275 224 263 267 269 198 270 195 197 135 178 177 39 71 23 384 292 27 163 29 30 139 172 147 7 51 169 75 43 83 165 141 170 99 142 166 149 208 290 45 153 289 77 46 78 120 150 53 57 85 154 54 156 101 280 89 58 113 105 259 86 102 114 116 60 90 106 131 35 19 67 11 108 92 273 3 265 276 261 200 274 14 13 193 320 262 266 268 196 25 161 133 137 194 145 37 69 49 21 73 41 81 97 176 134 257 38 28 70 22 33 17 129 65 9 5 26 162 164 1 168 140 138 146 148 50 44 76 74 42 152 52 82 288 56 98 84 100 6 88 104 112 272 264 258 260 192 12 24 136 160 34 132 130 144 18 36 40 66 72 68 20 48 10 80 96 256 16 32 8 128 2 64 4 0

SNR -12.500
511 510 509 508 507 506 505 504 503 502 501 500 499 498 497 496 495 494 493 492 491 490 489 488 487 486 485 484 483 482 481 479 478 477 476 475 474 473 472 471 470 469 468 467 466 465 463 462 461 460 459 458 457 455 454 453 451 447 446 445 444 443 442 441 440 439 438 437 436 435 434 433 431 430 429 428 427 426 425 423 422 421 419 415 414 413 412 411 410 409 407 406 405 403 399 398 397 395 391 383 382 381 380 379 378 377 376 375 374 373 372 371 370 369 367 366 365 364 363 362 361 359 358 357 355 351 350 349 348 347 346 345 343 342 341 339 335 334 333 331 319 318 317 316 315 314 313 311 303 287 255 254 253 252 251 250 249 247 246 245 243 239 238 237 235 231 223 222 221 219 215 191 189 127 248 190 464 187 236 310 456 424 480 244 309 432 234 307 233 302 452 242 449 450 241 207 408 418 417 230 220 301 420 402 327 299 368 229 396 356 360 394 404 401 183 353 217 227 218 337 393 344 389 338 390 340 387 330 295 213 354 332 214 211 126 175 285 286 188 448 326 308 329 312 325 205 306 206 185 300 416 283 305 125 232 240 298 186 228 400 392 123 323 203 182 297 226 279 352 181 216 388 225 294 159 336 212 386 284 293 328 119 199 179 210 174 385 282 124 324 271 209 204 173 304 291 281 184 111 122 322 202 171 278 180 121 296 95 158 63 201 118 321 277 224 167 157 198 117 178 155 292 275 115 151 31 143 270 197 177 110 47 79 172 109 55 107 103 59 87 269 61 91 208 195 384 93 62 94 263 290 267 280 15 170 120 169 289 135 163 166 165 39 23 71 156 200 147 139 276 27 29 116 153 154 141 149 30 142 43 75 99 51 83 320 114 113 150 7 77 45 46 274 78 273 101 53 105 85 57 102 259 54 89 196 106 108 86 58 90 176 60 265 193 268 92 194 261 131 35 19 67 11 266 262 3 14 13 161 168 133 288 145 137 25 37 69 41 73 21 49 81 162 97 164 134 257 38 22 70 28 146 138 140 152 148 26 129 33 17 65 9 5 112 1 42 76 74 44 50 98 52 82 100 272 84 104 56 88 6 264 192 258 260 160 12 136 130 132 144 24 34 18 36 66 72 40 68 20 10 80 48 96 256 16 128 32 8 64 4 2 0

SNR -12.000
511 510 509 508 507 506 505 504 503 502 501 500 499 498 497 496 495 494 493 492 491 490 489 488 487 486 485 484 483 482 481 480 479 478 477 476 475 474 473 472 471 470 469 468 467 466 465 464 463 462 461 460 459 458 457 456 455 454 453 451 450 447 446 445 444 443 442 441 440 439 438 437 436 435 434 433 432 431 430 429 428 427 426 425 423 422 421 419 415 414 413 412 411 410 409 407 406 405 403 399 398 397 395 391 383 382 381 380 379 378 377 376 375 374 373 372 371 370 369 367 366 365 364 363 362 361 359 358 357 355 351 350 349 348 347 346 345 343 342 341 339 335 334 333 331 327 319 318 317 316 315 314 313 311 310 309 307 303 302 301 299 287 255 254 253 252 251 250 249 248 247 246 245 244 243 242 241 239 238 237 236 235 233 231 230 229 223 222 221 220 219 215 207 191 190 189 187 183 127 420 234 424 452 417 218 227 286 408 404 368 396 449 214 360 418 217 213 175 295 393 394 402 126 285 356 401 390 354 353 340 338 344 205 125 330 389 337 211 123 387 329 206 332 188 186 283 279 325 308 185 203 305 300 326 306 323 312 240 182 181 159 232 199 119 448 298 297 392 400 226 416 212 179 228 293 216 294 388 352 174 173 225 284 336 210 271 386 291 124 282 204 385 328 209 111 171 122 281 184 202 324 278 121 304 158 201 180 322 277 118 167 296 198 157 178 321 117 224 95 292 172 197 275 177 270 155 110 115 170 63 208 290 269 195 280 151 109 120 169 289 384 143 200 267 107 166 156 276 31 94 103 79 93 116 47 87 263 165 91 55 59 61 62 154 196 163 176 274 320 114 153 15 113 273 150 135 147 149 108 268 139 194 71 23 141 142 39 27 193 105 106 99 29 168 101 75 30 51 83 43 266 77 102 265 45 78 85 259 7 46 53 89 288 86 57 92 54 90 261 58 262 60 164 131 161 35 19 67 162 11 152 3 145 14 13 137 133 112 272 134 148 25 146 73 69 97 37 21 41 81 49 138 140 257 70 22 38 28 26 104 192 98 100 129 74 76 82 42 44 17 33 50 9 65 264 5 52 84 88 1 56 260 258 6 160 144 136 132 130 12 24 34 18 72 66 68 36 40 20 10 96 80 48 256 128 16 8 32 64 2 4 0

SNR -11.500
511 510 509 508 507 506 505 504 503 502 501 500 499 498 497 496 495 494 493 492 491 490 489 488 487 486 485 484 483 482 481 480 479 478 477 476 475 474 473 472 471 470 469 468 467 466 465 464 463 462 461 460 459 458 457 456 455 454 453 452 451 450 449 447 446 445 444 443 442 441 440 439 438 437 436 435 434 433 432 431 430 429 428 427 426 425 424 423 422 421 420 419 418 417 415 414 413 412 411 410 409 408 407 406 405 404 403 402 401 399 398 397 396 395 391 383 382 381 380 379 378 377 376 375 374 373 372 371 370 369 368 367 366 365 364 363 362 361 360 359 358 357 355 354 351 350 349 348 347 346 345 343 342 341 339 335 334 333 331 327 319 318 317 316 315 314 313 311 310 309 307 303 302 301 299 295 287 286 285 283 255 254 253 252 251 250 249 248 247 246 245 244 243 242 241 239 238 237 236 235 234 233 231 230 229 227 223 222 221 220 219 218 217 215 214 213 211 207 206 191 190 189 188 187 183 175 127 126 125 205 186 340 279 203 394 356 344 390 181 332 182 159 338 185 393 119 123 330 353 387 199 389 326 337 179 329 312 308 325 305 298 173 323 297 171 240 306 300 294 293 228 111 216 232 174 124 271 448 212 226 225 291 416 204 284 282 400 210 122 388 202 277 184 278 157 352 209 281 392 336 385 167 328 158 180 121 386 118 117 198 201 197 275 324 178 155 304 95 322 177 296 172 115 321 292 270 110 170 195 269 224 151 169 109 290 208 280 166 267 289 120 156 63 276 165 107 200 116 143 154 94 384 274 196 176 103 93 114 263 153 163 273 320 150 108 268 113 91 194 168 62 87 149 31 79 61 59 47 193 106 55 266 147 142 105 164 288 141 265 135 102 139 92 15 101 99 262 71 162 152 39 23 90 89 261 83 259 27 161 75 29 77 85 43 30 51 86 112 78 45 272 53 46 57 54 60 58 7 148 145 131 146 192 104 67 35 19 137 11 133 140 134 138 264 97 13 14 3 100 98 69 73 81 25 37 257 21 41 49 70 88 38 22 260 82 84 74 258 26 76 28 160 42 50 44 52 129 65 17 33 9 56 5 1 144 6 132 136 130 96 12 66 68 72 18 34 24 36 80 20 10 40 256 48 128 16 64 8 32 4 2 0

SNR -11.000
511 510 509 508 507 506 505 504 503 502 501 500 499 498 497 496 495 494 493 492 491 490 489 488 487 486 485 484 483 482 481 480 479 478 477 476 475 474 473 472 471 470 469 468 467 466 465 464 463 462 461 460 459 458 457 456 455 454 453 452 451 450 449 447 446 445 444 443 442 441 440 439 438 437 436 435 434 433 432 431 430 429 428 427 426 425 424 423 422 421 420 419 418 417 415 414 413 412 411 410 409 408 407 406 405 404 403 402 401 399 398 397 396 395 394 393 391 389 387 383 382 381 380 379 378 377 376 375 374 373 372 371 370 369 368 367 366 365 364 363 362 361 360 359 358 357 356 355 354 353 351 350 349 348 347 346 345 343 342 341 340 339 338 337 335 334 333 332 331 330 329 327 326 325 319 318 317 316 315 314 313 311 310 309 307 303 302 301 299 295 287 286 285 283 279 271 255 254 253 252 251 250 249 248 247 246 245 244 243 242 241 239 238 237 236 235 234 233 231 230 229 227 223 222 221 220 219 218 217 215 214 213 211 207 206 205 203 199 191 190 189 188 187 186 185 183 182 181 179 175 174 173 171 159 127 126 125 123 119 111 344 312 298 390 308 305 297 95 300 323 124 306 167 228 216 232 294 121 282 240 158 117 293 225 212 210 118 204 284 202 157 122 115 209 155 278 448 226 281 416 277 201 151 400 291 392 180 352 197 195 388 324 198 170 107 184 385 178 275 336 328 109 386 110 269 270 322 304 321 172 177 296 166 169 156 267 224 143 165 63 290 292 120 103 94 208 280 154 116 289 276 163 153 200 93 114 274 263 150 196 108 91 113 176 273 149 194 384 268 106 168 193 266 62 105 320 147 87 164 142 102 61 265 92 141 162 152 288 79 101 59 262 90 139 55 112 161 31 47 148 99 89 261 135 272 86 259 146 104 85 60 15 83 192 71 75 78 77 145 39 23 58 140 57 27 51 43 29 264 53 30 45 54 100 46 138 137 131 7 98 160 97 133 134 88 260 67 35 19 11 257 81 258 84 13 14 69 82 73 3 70 37 21 25 41 49 74 76 38 22 144 56 26 50 28 42 52 44 129 65 17 33 9 5 136 132 130 1 96 6 80 256 66 68 72 12 34 18 20 10 36 24 40 48 128 64 16 8 32 4 2 0

SNR -10.500
511 510 509 508 507 506 505 504 503 502 501 500 499 498 497 496 495 494 493 492 491 490 489 488 487 486 485 484 483 482 481 480 479 478 477 476 475 474 473 472 471 470 469 468 467 466 465 464 463 462 461 460 459 458 457 456 455 454 453 452 451 450 449 447 446 445 444 443 442 441 440 439 438 437 436 435 434 433 432 431 430 429 428 427 426 425 424 423 422 421 420 419 418 417 415 414 413 412 411 410 409 408 407 406 405 404 403 402 401 399 398 397 396 395 394 393 391 390 389 387 383 382 381 380 379 378 377 376 375 374 373 372 371 370 369 368 367 366 365 364 363 362 361 360 359 358 357 356 355 354 353 351 350 349 348 347 346 345 344 343 342 341 340 339 338 337 335 334 333 332 331 330 329 327 326 325 323 319 318 317 316 315 314 313 312 311 310 309 308 307 306 305 303 302 301 300 299 298 297 295 294 287 286 285 283 279 271 255 254 253 252 251 250 249 248 247 246 245 244 243 242 241 240 239 238 237 236 235 234 233 231 230 229 228 227 226 223 222 221 220 219 218 217 215 214 213 211 207 206 205 203 199 191 190 189 188 187 186 185 183 182 181 179 175 174 173 171 167 159 158 157 155 151 127 126 125 124 123 122 121 119 118 117 111 110 95 293 284 291 232 281 212 115 282 204 210 109 107 225 278 63 202 184 277 198 180 275 270 197 209 216 448 195 170 178 169 269 172 143 352 103 416 94 400 165 388 177 392 166 201 385 93 386 296 154 328 292 267 304 322 336 324 116 321 150 163 224 91 290 114 120 263 113 156 153 149 280 289 108 208 276 106 274 196 87 200 147 105 176 268 273 194 62 142 168 61 102 193 266 141 164 92 384 101 265 79 162 90 152 59 139 320 262 89 99 161 148 112 288 86 261 55 146 135 85 104 272 60 145 259 140 47 100 192 83 78 58 31 264 138 77 57 98 88 75 54 137 160 71 97 53 15 260 51 134 39 84 23 45 43 46 27 29 133 30 131 82 258 144 81 257 7 76 56 67 73 74 69 35 19 11 70 136 49 13 52 14 37 50 96 41 21 25 38 22 3 42 26 44 28 129 132 130 65 80 17 33 9 5 256 1 6 72 68 66 12 34 48 18 36 10 40 20 24 128 64 8 16 32 4 2 0

SNR -10.000
511 510 509 508 507 506 505 504 503 502 501 500 499 498 497 496 495 494 493 492 491 490 489 488 487 486 485 484 483 482 481 480 479 478 477 476 475 474 473 472 471 470 469 468 467 466 465 464 463 462 461 460 459 458 457 456 455 454 453 452 451 450 449 447 446 445 444 443 442 441 440 439 438 437 436 435 434 433 432 431 430 429 428 427 426 425 424 423 422 421 420 419 418 417 415 414 413 412 411 410 409 408 407 406 405 404 403 402 401 399 398 397 396 395 394 393 391 390 389 387 383 382 381 380 379 378 377 376 375 374 373 372 371 370 369 368 367 366 365 364 363 362 361 360 359 358 357 356 355 354 353 351 350 349 348 347 346 345 344 343 342 341 340 339 338 337 335 334 333 332 331 330 329 327 326 325 323 319 318 317 316 315 314 313 312 311 310 309 308 307 306 305 303 302 301 300 299 298 297 295 294 293 291 287 286 285 284 283 282 281 279 278 277 275 271 270 255 254 253 252 251 250 249 248 247 246 245 244 243 242 241 240 239 238 237 236 235 234 233 232 231 230 229 228 227 226 225 223 222 221 220 219 218 217 216 215 214 213 212 211 210 209 207 206 205 204 203 202 199 198 197 191 190 189 188 187 186 185 184 183 182 181 180 179 177 175 174 173 171 167 159 158 157 155 151 143 127 126 125 124 123 122 121 119 118 117 115 111 110 109 107 103 95 94 93 91 63 169 172 201 178 267 170 154 87 269 195 163 153 416 400 165 156 263 116 392 166 448 149 150 388 328 62 352 324 304 61 336 113 147 386 296 114 120 142 385 292 105 322 289 108 290 141 321 101 280 79 106 102 274 276 224 208 139 273 266 99 176 196 92 59 193 268 168 89 200 164 194 55 265 90 162 161 152 86 135 262 148 384 85 146 261 320 60 112 83 104 145 78 288 140 58 47 100 259 77 138 272 57 98 88 137 192 54 264 75 97 134 84 53 31 160 260 71 133 82 46 51 144 76 81 45 258 131 56 43 39 15 30 74 29 23 257 136 27 73 52 96 70 69 67 50 132 49 7 44 35 80 19 41 11 130 37 42 129 13 38 14 25 21 22 26 28 256 3 72 65 68 66 33 17 9 5 48 6 1 34 40 36 12 128 18 10 20 24 64 32 8 16 2 4 0

SNR -9.500
511 510 509 508 507 506 505 504 503 502 501 500 499 498 497 496 495 494 493 492 491 490 489 488 487 486 485 484 483 482 481 480 479 478 477 476 475 474 473 472 471 470 469 468 467 466 465 464 463 462 461 460 459 458 457 456 455 454 453 452 451 450 449 447 446 445 444 443 442 441 440 439 438 437 436 435 434 433 432 431 430 429 428 427 426 425 424 423 422 421 420 419 418 417 415 414 413 412 411 410 409 408 407 406 405 404 403 402 401 399 398 397 396 395 394 393 391 390 389 387 383 382 381 380 379 378 377 376 375 374 373 372 371 370 369 368 367 366 365 364 363 362 361 360 359 358 357 356 355 354 353 351 350 349 348 347 346 345 344 343 342 341 340 339 338 337 335 334 333 332 331 330 329 327 326 325 323 319 318 317 316 315 314 313 312 311 310 309 308 307 306 305 303 302 301 300 299 298 297 295 294 293 291 287 286 285 284 283 282 281 279 278 277 275 271 270 269 267 255 254 253 252 251 250 249 248 247 246 245 244 243 242 241 240 239 238 237 236 235 234 233 232 231 230 229 228 227 226 225 223 222 221 220 219 218 217 216 215 214 213 212 211 210 209 207 206 205 204 203 202 201 199 198 197 195 191 190 189 188 187 186 185 184 183 182 181 180 179 178 177 175 174 173 172 171 170 169 167 166 165 159 158 157 156 155 154 153 151 149 147 143 127 126 125 124 123 122 121 120 119 118 117 116 115 111 110 109 108 107 103 95 94 93 91 87 79 63 62 61 59 263 150 114 106 102 336 113 163 352 55 400 392 448 101 139 328 386 385 92 388 296 322 304 105 90 142 321 416 141 324 224 86 280 89 292 290 289 208 273 135 99 274 196 200 266 85 268 276 265 193 83 194 77 176 168 162 164 148 58 78 152 262 145 261 112 47 75 60 146 161 138 259 57 100 320 104 140 54 384 137 88 98 53 97 288 84 71 134 31 272 133 51 192 82 46 264 81 45 160 76 260 131 56 74 144 43 258 73 52 136 30 257 70 96 50 39 29 132 69 49 44 27 80 23 15 67 130 42 41 72 129 38 28 37 35 7 256 19 11 26 25 68 21 13 14 48 22 66 65 3 40 128 33 17 9 36 5 34 6 24 18 20 12 10 1 64 32 8 16 4 2 0

SNR -9.000
511 510 509 508 507 506 505 504 503 502 501 500 499 498 497 496 495 494 493 492 491 490 489 488 487 486 485 484 483 482 481 480 479 478 477 476 475 474 473 472 471 470 469 468 467 466 465 464 463 462 461 460 459 458 457 456 455 454 453 452 451 450 449 448 447 446 445 444 443 442 441 440 439 438 437 436 435 434 433 432 431 430 429 428 427 426 425 424 423 422 421 420 419 418 417 416 415 414 413 412 411 410 409 408 407 406 405 404 403 402 401 400 399 398 397 396 395 394 393 392 391 390 389 388 387 383 382 381 380 379 378 377 376 375 374 373 372 371 370 369 368 367 366 365 364 363 362 361 360 359 358 357 356 355 354 353 352 351 350 349 348 347 346 345 344 343 342 341 340 339 338 337 335 334 333 332 331 330 329 327 326 325 323 319 318 317 316 315 314 313 312 311 310 309 308 307 306 305 303 302 301 300 299 298 297 295 294 293 291 287 286 285 284 283 282 281 279 278 277 275 271 270 269 267 263 255 254 253 252 251 250 249 248 247 246 245 244 243 242 241 240 239 238 237 236 235 234 233 232 231 230 229 228 227 226 225 223 222 221 220 219 218 217 216 215 214 213 212 211 210 209 207 206 205 204 203 202 201 199 198 197 195 191 190 189 188 187 186 185 184 183 182 181 180 179 178 177 175 174 173 172 171 170 169 167 166 165 163 159 158 157 156 155 154 153 151 150 149 147 143 142 141 135 127 126 125 124 123 122 121 120 119 118 117 116 115 114 113 111 110 109 108 107 106 105 103 102 101 99 95 94 93 92 91 90 89 87 86 85 79 63 62 61 59 55 47 139 336 83 304 386 324 328 385 322 321 292 75 296 276 290 208 274 78 273 224 31 164 58 280 60 268 200 289 196 168 176 57 77 266 54 194 161 265 162 53 262 148 193 152 145 261 140 146 100 112 71 104 259 51 137 98 138 45 88 97 384 46 133 84 82 134 81 288 43 320 76 272 131 74 264 56 30 192 160 73 52 260 39 144 29 70 50 258 136 69 49 44 257 27 96 132 42 67 80 41 130 23 72 38 28 129 37 15 68 48 26 35 25 256 66 22 40 65 21 19 7 14 11 13 36 128 34 33 24 3 17 20 5 9 64 18 6 12 10 1 32 16 4 8 2 0

SNR -8.500
511 510 509 508 507 506 505 504 503 502 501 500 499 498 497 496 495 494 493 492 491 490 489 488 487 486 485 484 483 482 481 480 479 478 477 476 475 474 473 472 471 470 469 468 467 466 465 464 463 462 461 460 459 458 457 456 455 454 453 452 451 450 449 448 447 446 445 444 443 442 441 440 439 438 437 436 435 434 433 432 431 430 429 428 427 426 425 424 423 422 421 420 419 418 417 416 415 414 413 412 411 410 409 408 407 406 405 404 403 402 401 400 399 398 397 396 395 394 393 392 391 390 389 388 387 385 383 382 381 380 379 378 377 376 375 374 373 372 371 370 369 368 367 366 365 364 363 362 361 360 359 358 357 356 355 354 353 352 351 350 349 348 347 346 345 344 343 342 341 340 339 338 337 336 335 334 333 332 331 330 329 328 327 326 325 324 323 322 321 319 318 317 316 315 314 313 312 311 310 309 308 307 306 305 304 303 302 301 300 299 298 297 296 295 294 293 292 291 290 289 287 286 285 284 283 282 281 280 279 278 277 275 274 271 270 269 267 263 255 254 253 252 251 250 249 248 247 246 245 244 243 242 241 240 239 238 237 236 235 234 233 232 231 230 229 228 227 226 225 224 223 222 221 220 219 218 217 216 215 214 213 212 211 210 209 208 207 206 205 204 203 202 201 199 198 197 195 191 190 189 188 187 186 185 184 183 182 181 180 179 178 177 175 174 173 172 171 170 169 167 166 165 163 159 158 157 156 155 154 153 151 150 149 147 143 142 141 139 135 127 126 125 124 123 122 121 120 119 118 117 116 115 114 113 111 110 109 108 107 106 105 103 102 101 99 95 94 93 92 91 90 89 87 86 85 83 79 78 77 75 71 63 62 61 60 59 58 57 55 54 53 47 31 386 276 176 200 46 273 168 164 196 45 194 51 193 266 268 148 152 261 265 262 161 162 145 112 146 43 138 140 88 259 134 84 133 137 100 104 30 131 98 82 97 56 76 81 73 52 74 39 320 384 29 288 70 50 49 264 27 69 44 272 192 67 144 42 160 260 258 41 23 136 96 257 132 38 80 37 28 130 72 26 129 15 68 25 35 48 22 66 40 21 65 256 36 19 14 128 13 34 24 11 7 33 20 64 18 17 3 12 9 5 10 6 32 1 16 8 4 2 0

SNR -8.000
511 510 509 508 507 506 505 504 503 502 501 500 499 498 497 496 495 494 493 492 491 490 489 488 487 486 485 484 483 482 481 480 479 478 477 476 475 474 473 472 471 470 469 468 467 466 465 464 463 462 461 460 459 458 457 456 455 454 453 452 451 450 449 448 447 446 445 444 443 442 441 440 439 438 437 436 435 434 433 432 431 430 429 428 427 426 425 424 423 422 421 420 419 418 417 416 415 414 413 412 411 410 409 408 407 406 405 404 403 402 401 400 399 398 397 396 395 394 393 392 391 390 389 388 387 386 385 383 382 381 380 379 378 377 376 375 374 373 372 371 370 369 368 367 366 365 364 363 362 361 360 359 358 357 356 355 354 353 352 351 350 349 348 347 346 345 344 343 342 341 340 339 338 337 336 335 334 333 332 331 330 329 328 327 326 325 324 323 322 321 319 318 317 316 315 314 313 312 311 310 309 308 307 306 305 304 303 302 301 300 299 298 297 296 295 294 293 292 291 290 289 287 286 285 284 283 282 281 280 279 278 277 276 275 274 271 270 269 268 267 266 265 263 262 261 255 254 253 252 251 250 249 248 247 246 245 244 243 242 241 240 239 238 237 236 235 234 233 232 231 230 229 228 227 226 225 224 223 222 221 220 219 218 217 216 215 214 213 212 211 210 209 208 207 206 205 204 203 202 201 200 199 198 197 196 195 194 193 191 190 189 188 187 186 185 184 183 182 181 180 179 178 177 176 175 174 173 172 171 170 169 168 167 166 165 164 163 162 161 159 158 157 156 155 154 153 152 151 150 149 148 147 143 142 141 139 138 135 127 126 125 124 123 122 121 120 119 118 117 116 115 114 113 111 110 109 108 107 106 105 103 102 101 99 95 94 93 92 91 90 89 87 86 85 83 79 78 77 75 71 63 62 61 60 59 58 57 55 54 53 51 47 46 45 43 39 31 30 145 140 273 104 100 27 134 112 259 84 29 82 98 133 137 88 131 97 23 146 81 76 70 74 69 56 50 73 49 320 42 67 384 44 41 52 272 288 264 192 136 258 260 35 37 144 160 257 38 96 132 15 28 26 130 25 80 22 72 129 68 21 48 66 40 19 65 36 14 34 13 256 24 33 11 20 128 18 7 64 17 12 10 32 9 3 6 5 16 1 8 4 2 0

SNR -7.500
511 510 509 508 507 506 505 504 503 502 501 500 499 498 497 496 495 494 493 492 491 490 489 488 487 486 485 484 483 482 481 480 479 478 477 476 475 474 473 472 471 470 469 468 467 466 465 464 463 462 461 460 459 458 457 456 455 454 453 452 451 450 449 448 447 446 445 444 443 442 441 440 439 438 437 436 435 434 433 432 431 430 429 428 427 426 425 424 423 422 421 420 419 418 417 416 415 414 413 412 411 410 409 408 407 406 405 404 403 402 401 400 399 398 397 396 395 394 393 392 391 390 389 388 387 386 385 383 382 381 380 379 378 377 376 375 374 373 372 371 370 369 368 367 366 365 364 363 362 361 360 359 358 357 356 355 354 353 352 351 350 349 348 347 346 345 344 343 342 341 340 339 338 337 336 335 334 333 332 331 330 329 328 327 326 325 324 323 322 321 319 318 317 316 315 314 313 312 311 310 309 308 307 306 305 304 303 302 301 300 299 298 297 296 295 294 293 292 291 290 289 287 286 285 284 283 282 281 280 279 278 277 276 275 274 273 271 270 269 268 267 266 265 263 262 261 259 255 254 253 252 251 250 249 248 247 246 245 244 243 242 241 240 239 238 237 236 235 234 233 232 231 230 229 228 227 226 225 224 223 222 221 220 219 218 217 216 215 214 213 212 211 210 209 208 207 206 205 204 203 202 201 200 199 198 197 196 195 194 193 191 190 189 188 187 186 185 184 183 182 181 180 179 178 177 176 175 174 173 172 171 170 169 168 167 166 165 164 163 162 161 159 158 157 156 155 154 153 152 151 150 149 148 147 146 145 143 142 141 140 139 138 137 135 134 133 131 127 126 125 124 123 122 121 120 119 118 117 116 115 114 113 112 111 110 109 108 107 106 105 104 103 102 101 100 99 98 97 95 94 93 92 91 90 89 88 87 86 85 84 83 82 81 79 78 77 76 75 74 73 71 63 62 61 60 59 58 57 55 54 53 51 47 46 45 43 39 31 30 29 27 23 56 49 15 70 67 69 44 50 42 41 52 38 37 320 28 384 272 264 288 260 35 160 25 22 192 21 136 257 19 80 258 96 72 130 144 129 132 68 26 48 13 14 66 65 40 11 36 34 24 33 20 18 256 7 128 17 12 64 10 9 32 6 5 16 3 8 4 1 2 0

SNR -7.000
511 510 509 508 507 506 505 504 503 502 501 500 499 498 497 496 495 494 493 492 491 490 489 488 487 486 485 484 483 482 481 480 479 478 477 476 475 474 473 472 471 470 469 468 467 466 465 464 463 462 461 460 459 458 457 456 455 454 453 452 451 450 449 448 447 446 445 444 443 442 441 440 439 438 437 436 435 434 433 432 431 430 429 428 427 426 425 424 423 422 421 420 419 418 417 416 415 414 413 412 411 410 409 408 407 406 405 404 403 402 401 400 399 398 397 396 395 394 393 392 391 390 389 388 387 386 385 383 382 381 380 379 378 377 376 375 374 373 372 371 370 369 368 367 366 365 364 363 362 361 360 359 358 357 356 355 354 353 352 351 350 349 348 347 346 345 344 343 342 341 340 339 338 337 336 335 334 333 332 331 330 329 328 327 326 325 324 323 322 321 319 318 317 316 315 314 313 312 311 310 309 308 307 306 305 304 303 302 301 300 299 298 297 296 295 294 293 292 291 290 289 287 286 285 284 283 282 281 280 279 278 277 276 275 274 273 271 270 269 268 267 266 265 263 262 261 259 255 254 253 252 251 250 249 248 247 246 245 244 243 242 241 240 239 238 237 236 235 234 233 232 231 230 229 228 227 226 225 224 223 222 221 220 219 218 217 216 215 214 213 212 211 210 209 208 207 206 205 204 203 202 201 200 199 198 197 196 195 194 193 191 190 189 188 187 186 185 184 183 182 181 180 179 178 177 176 175 174 173 172 171 170 169 168 167 166 165 164 163 162 161 159 158 157 156 155 154 153 152 151 150 149 148 147 146 145 143 142 141 140 139 138 137 135 134 133 131 127 126 125 124 123 122 121 120 119 118 117 116 115 114 113 112 111 110 109 108 107 106 105 104 103 102 101 100 99 98 97 95 94 93 92 91 90 89 88 87 86 85 84 83 82 81 79 78 77 76 75 74 73 71 70 69 67 63 62 61 60 59 58 57 56 55 54 53 52 51 50 49 47 46 45 44 43 42 41 39 38 35 31 30 29 27 23 15 28 22 26 25 19 21 37 288 14 320 384 272 192 144 160 96 260 80 13 130 264 257 258 11 136 132 48 129 72 66 65 40 68 36 24 33 34 20 7 18 17 12 256 10 128 9 64 6 32 5 16 3 8 4 2 1 0

SNR -6.500
511 510 509 508 507 506 505 504 503 502 501 500 499 498 497 496 495 494 493 492 491 490 489 488 487 486 485 484 483 482 481 480 479 478 477 476 475 474 473 472 471 470 469 468 467 466 465 464 463 462 461 460 459 458 457 456 455 454 453 452 451 450 449 448 447 446 445 444 443 442 441 440 439 438 437 436 435 434 433 432 431 430 429 428 427 426 425 424 423 422 421 420 419 418 417 416 415 414 413 412 411 410 409 408 407 406 405 404 403 402 401 400 399 398 397 396 395 394 393 392 391 390 389 388 387 386 385 383 382 381 380 379 378 377 376 375 374 373 372 371 370 369 368 367 366 365 364 363 362 361 360 359 358 357 356 355 354 353 352 351 350 349 348 347 346 345 344 343 342 341 340 339 338 337 336 335 334 333 332 331 330 329 328 327 326 325 324 323 322 321 319 318 317 316 315 314 313 312 311 310 309 308 307 306 305 304 303 302 301 300 299 298 297 296 295 294 293 292 291 290 289 287 286 285 284 283 282 281 280 279 278 277 276 275 274 273 271 270 269 268 267 266 265 263 262 261 259 255 254 253 252 251 250 249 248 247 246 245 244 243 242 241 240 239 238 237 236 235 234 233 232 231 230 229 228 227 226 225 224 223 222 221 220 219 218 217 216 215 214 213 212 211 210 209 208 207 206 205 204 203 202 201 200 199 198 197 196 195 194 193 191 190 189 188 187 186 185 184 183 182 181 180 179 178 177 176 175 174 173 172 171 170 169 168 167 166 165 164 163 162 161 159 158 157 156 155 154 153 152 151 150 149 148 147 146 145 143 142 141 140 139 138 137 135 134 133 131 127 126 125 124 123 122 121 120 119 118 117 116 115 114 113 112 111 110 109 108 107 106 105 104 103 102 101 100 99 98 97 95 94 93 92 91 90 89 88 87 86 85 84 83 82 81 79 78 77 76 75 74 73 71 70 69 67 63 62 61 60 59 58 57 56 55 54 53 52 51 50 49 47 46 45 44 43 42 41 39 38 37 35 31 30 29 28 27 26 25 23 22 21 19 15 13 11 14 384 320 272 144 264 258 260 160 192 96 132 72 7 257 136 288 130 66 80 40 48 65 36 129 34 68 24 20 18 33 17 12 9 10 6 256 5 128 64 32 3 16 8 4 2 1 0

SNR -6.000
511 510 509 508 507 506 505 504 503 502 501 500 499 498 497 496 495 494 493 492 491 490 489 488 487 486 485 484 483 482 481 480 479 478 477 476 475 474 473 472 471 470 469 468 467 466 465 464 463 462 461 460 459 458 457 456 455 454 453 452 451 450 449 448 447 446 445 444 443 442 441 440 439 438 437 436 435 434 433 432 431 430 429 428 427 426 425 424 423 422 421 420 419 418 417 416 415 414 413 412 411 410 409 408 407 406 405 404 403 402 401 400 399 398 397 396 395 394 393 392 391 390 389 388 387 386 385 384 383 382 381 380 379 378 377 376 375 374 373 372 371 370 369 368 367 366 365 364 363 362 361 360 359 358 357 356 355 354 353 352 351 350 349 348 347 346 345 344 343 342 341 340 339 338 337 336 335 334 333 332 331 330 329 328 327 326 325 324 323 322 321 320 319 318 317 316 315 314 313 312 311 310 309 308 307 306 305 304 303 302 301 300 299 298 297 296 295 294 293 292 291 290 289 288 287 286 285 284 283 282 281 280 279 278 277 276 275 274 273 271 270 269 268 267 266 265 263 262 261 259 255 254 253 252 251 250 249 248 247 246 245 244 243 242 241 240 239 238 237 236 235 234 233 232 231 230 229 228 227 226 225 224 223 222 221 220 219 218 217 216 215 214 213 212 211 210 209 208 207 206 205 204 203 202 201 200 199 198 197 196 195 194 193 191 190 189 188 187 186 185 184 183 182 181 180 179 178 177 176 175 174 173 172 171 170 169 168 167 166 165 164 163 162 161 160 159 158 157 156 155 154 153 152 151 150 149 148 147 146 145 143 142 141 140 139 138 137 135 134 133 131 127 126 125 124 123 122 121 120 119 118 117 116 115 114 113 112 111 110 109 108 107 106 105 104 103 102 101 100 99 98 97 95 94 93 92 91 90 89 88 87 86 85 84 83 82 81 79 78 77 76 75 74 73 71 70 69 67 63 62 61 60 59 58 57 56 55 54 53 52 51 50 49 47 46 45 44 43 42 41 39 38 37 35 31 30 29 28 27 26 25 23 22 21 19 15 14 13 11 7 272 192 264 136 144 96 258 257 132 80 260 130 48 72 36 24 68 40 129 66 65 34 33 12 17 20 18 6 9 10 5 256 3 128 64 32 16 8 4 2 1 0

SNR -5.500
511 510 509 508 507 506 505 504 503 502 501 500 499 498 497 496 495 494 493 492 491 490 489 488 487 486 485 484 483 482 481 480 479 478 477 476 475 474 473 472 471 470 469 468 467 466 465 464 463 462 461 460 459 458 457 456 455 454 453 452 451 450 449 448 447 446 445 444 443 442 441 440 439 438 437 436 435 434 433 432 431 430 429 428 427 426 425 424 423 422 421 420 419 418 417 416 415 414 413 412 411 410 409 408 407 406 405 404 403 402 401 400 399 398 397 396 395 394 393 392 391 390 389 388 387 386 385 384 383 382 381 380 379 378 377 376 375 374 373 372 371 370 369 368 367 366 365 364 363 362 361 360 359 358 357 356 355 354 353 352 351 350 349 348 347 346 345 344 343 342 341 340 339 338 337 336 335 334 333 332 331 330 329 328 327 326 325 324 323 322 321 320 319 318 317 316 315 314 313 312 311 310 309 308 307 306 305 304 303 302 301 300 299 298 297 296 295 294 293 292 291 290 289 288 287 286 285 284 283 282 281 280 279 278 277 276 275 274 273 272 271 270 269 268 267 266 265 264 263 262 261 259 258 257 255 254 253 252 251 250 249 248 247 246 245 244 243 242 241 240 239 238 237 236 235 234 233 232 231 230 229 228 227 226 225 224 223 222 221 220 219 218 217 216 215 214 213 212 211 210 209 208 207 206 205 204 203 202 201 200 199 198 197 196 195 194 193 192 191 190 189 188 187 186 185 184 183 182 181 180 179 178 177 176 175 174 173 172 171 170 169 168 167 166 165 164 163 162 161 160 159 158 157 156 155 154 153 152 151 150 149 148 147 146 145 144 143 142 141 140 139 138 137 136 135 134 133 132 131 130 129 127 126 125 124 123 122 121 120 119 118 117 116 115 114 113 112 111 110 109 108 107 106 105 104 103 102 101 100 99 98 97 96 95 94 93 92 91 90 89 88 87 86 85 84 83 82 81 79 78 77 76 75 74 73 72 71 70 69 68 67 66 63 62 61 60 59 58 57 56 55 54 53 52 51 50 49 48 47 46 45 44 43 42 41 39 38 37 35 31 30 29 28 27 26 25 23 22 21 19 15 14 13 11 7 36 260 40 65 33 24 34 20 18 17 80 9 12 6 10 5 3 128 64 256 32 16 8 4 2 1 0

SNR -5.000
511 510 509 508 507 506 505 504 503 502 501 500 499 498 497 496 495 494 493 492 491 490 489 488 487 486 485 484 483 482 481 480 479 478 477 476 475 474 473 472 471 470 469 468 467 466 465 464 463 462 461 460 459 458 457 456 455 454 453 452 451 450 449 448 447 446 445 444 443 442 441 440 439 438 437 436 435 434 433 432 431 430 429 428 427 426 425 424 423 422 421 420 419 418 417 416 415 414 413 412 411 410 409 408 407 406 405 404 403 402 401 400 399 398 397 396 395 394 393 392 391 390 389 388 387 386 385 384 383 382 381 380 379 378 377 376 375 374 373 372 371 370 369 368 367 366 365 364 363 362 361 360 359 358 357 356 355 354 353 352 351 350 349 348 347 346 345 344 343 342 341 340 339 338 337 336 335 334 333 332 331 330 329 328 327 326 325 324 323 322 321 320 319 318 317 316 315 314 313 312 311 310 309 308 307 306 305 304 303 302 301 300 299 298 297 296 295 294 293 292 291 290 289 288 287 286 285 284 283 282 281 280 279 278 277 276 275 274 273 272 271 270 269 268 267 266 265 264 263 262 261 260 259 258 257 255 254 253 252 251 250 249 248 247 246 245 244 243 242 241 240 239 238 237 236 235 234 233 232 231 230 229 228 227 226 225 224 223 222 221 220 219 218 217 216 215 214 213 212 211 210 209 208 207 206 205 204 203 202 201 200 199 198 197 196 195 194 193 192 191 190 189 188 187 186 185 184 183 182 181 180 179 178 177 176 175 174 173 172 171 170 169 168 167 166 165 164 163 162 161 160 159 158 157 156 155 154 153 152 151 150 149 148 147 146 145 144 143 142 141 140 139 138 137 136 135 134 133 132 131 130 129 127 126 125 124 123 122 121 120 119 118 117 116 115 114 113 112 111 110 109 108 107 106 105 104 103 102 101 100 99 98 97 96 95 94 93 92 91 90 89 88 87 86 85 84 83 82 81 80 79 78 77 76 75 74 73 72 71 70 69 68 67 66 65 63 62 61 60 59 58 57 56 55 54 53 52 51 50 49 48 47 46 45 44 43 42 41 40 39 38 37 36 35 34 33 31 30 29 28 27 26 25 24 23 22 21 20 19 18 15 14 13 12 11 7 9 17 10 5 6 3 256 128 64 32 8 16 2 4 1 0

SNR -4.500
511 510 509 508 507 506 505 504 503 502 501 500 499 498 497 496 495 494 493 492 491 490 489 488 487 486 485 484 483 482 481 480 479 478 477 476 475 474 473 472 471 470 469 468 467 466 465 464 463 462 461 460 459 458 457 456 455 454 453 452 451 450 449 448 447 446 445 444 443 442 441 440 439 438 437 436 435 434 433 432 431 430 429 428 427 426 425 424 423 422 421 420 419 418 417 416 415 414 413 412 411 410 409 408 407 406 405 404 403 402 401 400 399 398 397 396 395 394 393 392 391 390 389 388 387 386 385 384 383 382 381 380 379 378 377 376 375 374 373 372 371 370 369 368 367 366 365 364 363 362 361 360 359 358 357 356 355 354 353 352 351 350 349 348 347 346 345 344 343 342 341 340 339 338 337 336 335 334 333 332 331 330 329 328 327 326 325 324 323 322 321 320 319 318 317 316 315 314 313 312 311 310 309 308 307 306 305 304 303 302 301 300 299 298 297 296 295 294 293 292 291 290 289 288 287 286 285 284 283 282 281 280 279 278 277 276 275 274 273 272 271 270 269 268 267 266 265 264 263 262 261 260 259 258 257 255 254 253 252 251 250 249 248 247 246 245 244 243 242 241 240 239 238 237 236 235 234 233 232 231 230 229 228 227 226 225 224 223 222 221 220 219 218 217 216 215 214 213 212 211 210 209 208 207 206 205 204 203 202 201 200 199 198 197 196 195 194 193 192 191 190 189 188 187 186 185 184 183 182 181 180 179 178 177 176 175 174 173 172 171 170 169 168 167 166 165 164 163 162 161 160 159 158 157 156 155 154 153 152 151 150 149 148 147 146 145 144 143 142 141 140 139 138 137 136 135 134 133 132 131 130 129 127 126 125 124 123 122 121 120 119 118 117 116 115 114 113 112 111 110 109 108 107 106 105 104 103 102 101 100 99 98 97 96 95 94 93 92 91 90 89 88 87 86 85 84 83 82 81 80 79 78 77 76 75 74 73 72 71 70 69 68 67 66 65 63 62 61 60 59 58 57 56 55 54 53 52 51 50 49 48 47 46 45 44 43 42 41 40 39 38 37 36 35 34 33 31 30 29 28 27 26 25 24 23 22 21 20 19 18 17 15 14 13 12 11 10 9 7 6 5 3 256 64 128 32 16 8 4 1 2 0

SNR -4.000
511 510 509 508 507 506 505 504 503 502 501 500 499 498 497 496 495 494 493 492 491 490 489 488 487 486 485 484 483 482 481 480 479 478 477 476 475 474 473 472 471 470 469 468 467 466 465 464 463 462 461 460 459 458 457 456 455 454 453 452 451 450 449 448 447 446 445 444 443 442 441 440 439 438 437 436 435 434 433 432 431 430 429 428 427 426 425 424 423 422 421 420 419 418 417 416 415 414 413 412 411 410 409 408 407 406 405 404 403 402 401 400 399 398 397 396 395 394 393 392 391 390 389 388 387 386 385 384 383 382 381 380 379 378 377 376 375 374 373 372 371 370 369 368 367 366 365 364 363 362 361 360 359 358 357 356 355 354 353 352 351 350 349 348 347 346 345 344 343 342 341 340 339 338 337 336 335 334 333 332 331 330 329 328 327 326 325 324 323 322 321 320 319 318 317 316 315 314 313 312 311 310 309 308 307 306 305 304 303 302 301 300 299 298 297 296 295 294 293 292 291 290 289 288 287 286 285 284 283 282 281 280 279 278 277 276 275 274 273 272 271 270 269 268 267 266 265 264 263 262 261 260 259 258 257 255 254 253 252 251 250 249 248 247 246 245 244 243 242 241 240 239 238 237 236 235 234 233 232 231 230 229 228 227 226 225 224 223 222 221 220 219 218 217 216 215 214 213 212 211 210 209 208 207 206 205 204 203 202 201 200 199 198 197 196 195 194 193 192 191 190 189 188 187 186 185 184 183 182 181 180 179 178 177 176 175 174 173 172 171 170 169 168 167 166 165 164 163 162 161 160 159 158 157 156 155 154 153 152 151 150 149 148 147 146 145 144 143 142 141 140 139 138 137 136 135 134 133 132 131 130 129 127 126 125 124 123 122 121 120 119 118 117 116 115 114 113 112 111 110 109 108 107 106 105 104 103 102 101 100 99 98 97 96 95 94 93 92 91 90 89 88 87 86 85 84 83 82 81 80 79 78 77 76 75 74 73 72 71 70 69 68 67 66 65 63 62 61 60 59 58 57 56 55 54 53 52 51 50 49 48 47 46 45 44 43 42 41 40 39 38 37 36 35 34 33 31 30 29 28 27 26 25 24 23 22 21 20 19 18 17 15 14 13 12 11 10 9 7 6 5 3 128 256 64 32 16 8 2 1 4 0

SNR -3.500
511 510 509 508 507 506 505 504 503 502 501 500 499 498 497 496 495 494 493 492 491 490 489 488 487 486 485 484 483 482 481 480 479 478 477 476 475 474 473 472 471 470 469 468 467 466 465 464 463 462 461 460 459 458 457 456 455 454 453 452 451 450 449 448 447 446 445 444 443 442 441 440 439 438 437 436 435 434 433 432 431 430 429 428 427 426 425 424 423 422 421 420 419 418 417 416 415 414 413 412 411 410 409 408 407 406 405 404 403 402 401 400 399 398 397 396 395 394 393 392 391 390 389 388 387 386 385 384 383 382 381 380 379 378 377 376 375 374 373 372 371 370 369 368 367 366 365 364 363 362 361 360 359 358 357 356 355 354 353 352 351 350 349 348 347 346 345 344 343 342 341 340 339 338 337 336 335 334 333 332 331 330 329 328 327 326 325 324 323 322 321 320 319 318 317 316 315 314 313 312 311 310 309 308 307 306 305 304 303 302 301 300 299 298 297 296 295 294 293 292 291 290 289 288 287 286 285 284 283 282 281 280 279 278 277 276 275 274 273 272 271 270 269 268 267 266 265 264 263 262 261 260 259 258 257 255 254 253 252 251 250 249 248 247 246 245 244 243 242 241 240 239 238 237 236 235 234 233 232 231 230 229 228 227 226 225 224 223 222 221 220 219 218 217 216 215 214 213 212 211 210 209 208 207 206 205 204 203 202 201 200 199 198 197 196 195 194 193 192 191 190 189 188 187 186 185 184 183 182 181 180 179 178 177 176 175 174 173 172 171 170 169 168 167 166 165 164 163 162 161 160 159 158 157 156 155 154 153 152 151 150 149 148 147 146 145 144 143 142 141 140 139 138 137 136 135 134 133 132 131 130 129 127 126 125 124 123 122 121 120 119 118 117 116 115 114 113 112 111 110 109 108 107 106 105 104 103 102 101 100 99 98 97 96 95 94 93 92 91 90 89 88 87 86 85 84 83 82 81 80 79 78 77 76 75 74 73 72 71 70 69 68 67 66 65 63 62 61 60 59 58 57 56 55 54 53 52 51 50 49 48 47 46 45 44 43 42 41 40 39 38 37 36 35 34 33 31 30 29 28 27 26 25 24 23 22 21 20 19 18 17 15 14 13 12 11 10 9 7 6 5 3 64 256 128 4 16 2 8 32 1 0

SNR -3.000
511 510 509 508 507 506 505 504 503 502 501 500 499 498 497 496 495 494 493 492 491 490 489 488 487 486 485 484 483 482 481 480 479 478 477 476 475 474 473 472 471 470 469 468 467 466 465 464 463 462 461 460 459 458 457 456 455 454 453 452 451 450 449 448 447 446 445 444 443 442 441 440 439 438 437 436 435 434 433 432 431 430 429 428 427 426 425 424 423 422 421 420 419 418 417 416 415 414 413 412 411 410 409 408 407 406 405 404 403 402 401 400 399 398 397 396 395 394 393 392 391 390 389 388 387 386 385 384 383 382 381 380 379 378 377 376 375 374 373 372 371 370 369 368 367 366 365 364 363 362 361 360 359 358 357 356 355 354 353 352 351 350 349 348 347 346 345 344 343 342 341 340 339 338 337 336 335 334 333 332 331 330 329 328 327 326 325 324 323 322 321 320 319 318 317 316 315 314 313 312 311 310 309 308 307 306 305 304 303 302 301 300 299 298 297 296 295 294 293 292 291 290 289 288 287 286 285 284 283 282 281 280 279 278 277 276 275 274 273 272 271 270 269 268 267 266 265 264 263 262 261 260 259 258 257 256 255 254 253 252 251 250 249 248 247 246 245 244 243 242 241 240 239 238 237 236 235 234 233 232 231 230 229 228 227 226 225 224 223 222 221 220 219 218 217 216 215 214 213 212 211 210 209 208 207 206 205 204 203 202 201 200 199 198 197 196 195 194 193 192 191 190 189 188 187 186 185 184 183 182 181 180 179 178 177 176 175 174 173 172 171 170 169 168 167 166 165 164 163 162 161 160 159 158 157 156 155 154 153 152 151 150 149 148 147 146 145 144 143 142 141 140 139 138 137 136 135 134 133 132 131 130 129 127 126 125 124 123 122 121 120 119 118 117 116 115 114 113 112 111 110 109 108 107 106 105 104 103 102 101 100 99 98 97 96 95 94 93 92 91 90 89 88 87 86 85 84 83 82 81 80 79 78 77 76 75 74 73 72 71 70 69 68 67 66 65 63 62 61 60 59 58 57 56 55 54 53 52 51 50 49 48 47 46 45 44 43 42 41 40 39 38 37 36 35 34 33 31 30 29 28 27 26 25 24 23 22 21 20 19 18 17 15 14 13 12 11 10 9 7 6 5 3 64 32 128 8 4 2 16 1 0

SNR -2.500
511 510 509 508 507 506 505 504 503 502 501 500 499 498 497 496 495 494 493 492 491 490 489 488 487 486 485 484 483 482 481 480 479 478 477 476 475 474 473 472 471 470 469 468 467 466 465 464 463 462 461 460 459 458 457 456 455 454 453 452 451 450 449 448 447 446 445 444 443 442 441 440 439 438 437 436 435 434 433 432 431 430 429 428 427 426 425 424 423 422 421 420 419 418 417 416 415 414 413 412 411 410 409 408 407 406 405 404 403 402 401 400 399 398 397 396 395 394 393 392 391 390 389 388 387 386 385 384 383 382 381 380 379 378 377 376 375 374 373 372 371 370 369 368 367 366 365 364 363 362 361 360 359 358 357 356 355 354 353 352 351 350 349 348 347 346 345 344 343 342 341 340 339 338 337 336 335 334 333 332 331 330 329 328 327 326 325 324 323 322 321 320 319 318 317 316 315 314 313 312 311 310 309 308 307 306 305 304 303 302 301 300 299 298 297 296 295 294 293 292 291 290 289 288 287 286 285 284 283 282 281 280 279 278 277 276 275 274 273 272 271 270 269 268 267 266 265 264 263 262 261 260 259 258 257 256 255 254 253 252 251 250 249 248 247 246 245 244 243 242 241 240 239 238 237 236 235 234 233 232 231 230 229 228 227 226 225 224 223 222 221 220 219 218 217 216 215 214 213 212 211 210 209 208 207 206 205 204 203 202 201 200 199 198 197 196 195 194 193 192 191 190 189 188 187 186 185 184 183 182 181 180 179 178 177 176 175 174 173 172 171 170 169 168 167 166 165 164 163 162 161 160 159 158 157 156 155 154 153 152 151 150 149 148 147 146 145 144 143 142 141 140 139 138 137 136 135 134 133 132 131 130 129 128 127 126 125 124 123 122 121 120 119 118 117 116 115 114 113 112 111 110 109 108 107 106 105 104 103 102 101 100 99 98 97 96 95 94 93 92 91 90 89 88 87 86 85 84 83 82 81 80 79 78 77 76 75 74 73 72 71 70 69 68 67 66 65 64 63 62 61 60 59 58 57 56 55 54 53 52 51 50 49 48 47 46 45 44 43 42 41 40 39 38 37 36 35 34 33 32 31 30 29 28 27 26 25 24 23 22 21 20 19 18 17 16 15 14 13 12 11 10 9 8 7 6 5 4 3 2 1 0

SNR -2.000
511 510 509 508 507 506 505 504 503 502 501 500 499 498 497 496 495 494 493 492 491 490 489 488 487 486 485 484 483 482 481 480 479 478 477 476 475 474 473 472 471 470 469 468 467 466 465 464 463 462 461 460 459 458 457 456 455 454 453 452 451 450 449 448 447 446 445 444 443 442 441 440 439 438 437 436 435 434 433 432 431 430 429 428 427 426 425 424 423 422 421 420 419 418 417 416 415 414 413 412 411 410 409 408 407 406 405 404 403 402 401 400 399 398 397 396 395 394 393 392 391 390 389 388 387 386 385 384 383 382 381 380 379 378 377 376 375 374 373 372 371 370 369 368 367 366 365 364 363 362 361 360 359 358 357 356 355 354 353 352 351 350 349 348 347 346 345 344 343 342 341 340 339 338 337 336 335 334 333 332 331 330 329 328 327 326 325 324 323 322 321 320 319 318 317 316 315 314 313 312 311 310 309 308 307 306 305 304 303 302 301 300 299 298 297 296 295 294 293 292 291 290 289 288 287 286 285 284 283 282 281 280 279 278 277 276 275 274 273 272 271 270 269 268 267 266 265 264 263 262 261 260 259 258 257 256 255 254 253 252 251 250 249 248 247 246 245 244 243 242 241 240 239 238 237 236 235 234 233 232 231 230 229 228 227 226 225 224 223 222 221 220 219 218 217 216 215 214 213 212 211 210 209 208 207 206 205 204 203 202 201 200 199 198 197 196 195 194 193 192 191 190 189 188 187 186 185 184 183 182 181 180 179 178 177 176 175 174 173 172 171 170 169 168 167 166 165 164 163 162 161 160 159 158 157 156 155 154 153 152 151 150 149 148 147 146 145 144 143 142 141 140 139 138 137 136 135 134 133 132 131 130 129 128 127 126 125 124 123 122 121 120 119 118 117 116 115 114 113 112 111 110 109 108 107 106 105 104 103 102 101 100 99 98 97 96 95 94 93 92 91 90 89 88 87 86 85 84 83 82 81 80 79 78 77 76 75 74 73 72 71 70 69 68 67 66 65 64 63 62 61 60 59 58 57 56 55 54 53 52 51 50 49 48 47 46 45 44 43 42 41 40 39 38 37 36 35 34 33 32 31 30 29 28 27 26 25 24 23 22 21 20 19 18 17 16 15 14 13 12 11 10 9 8 7 6 5 3 2 1 4 0

SNR -1.500
511 510 509 508 507 506 505 504 503 502 501 500 499 498 497 496 495 494 493 492 491 490 489 488 487 486 485 484 483 482 481 480 479 478 477 476 475 474 473 472 471 470 469 468 467 466 465 464 463 462 461 460 459 458 457 456 455 454 453 452 451 450 449 448 447 446 445 444 443 442 441 440 439 438 437 436 435 434 433 432 431 430 429 428 427 426 425 424 423 422 421 420 419 418 417 416 415 414 413 412 411 410 409 408 407 406 405 404 403 402 401 400 399 398 397 396 395 394 393 392 391 390 389 388 387 386 385 384 383 382 381 380 379 378 377 376 375 374 373 372 371 370 369 368 367 366 365 364 363 362 361 360 359 358 357 356 355 354 353 352 351 350 349 348 347 346 345 344 343 342 341 340 339 338 337 336 335 334 333 332 331 330 329 328 327 326 325 324 323 322 321 320 319 318 317 316 315 314 313 312 311 310 309 308 307 306 305 304 303 302 301 300 299 298 297 296 295 294 293 292 291 290 289 288 287 286 285 284 283 282 281 280 279 278 277 276 275 274 273 272 271 270 269 268 267 266 265 264 263 262 261 260 259 258 257 256 255 254 253 252 251 250 249 248 247 246 245 244 243 242 241 240 239 238 237 236 235 234 233 232 231 230 229 228 227 226 225 224 223 222 221 220 219 218 217 216 215 214 213 212 211 210 209 208 207 206 205 204 203 202 201 200 199 198 197 196 195 194 193 192 191 190 189 188 187 186 185 184 183 182 181 180 179 178 177 176 175 174 173 172 171 170 169 168 167 166 165 164 163 162 161 160 159 158 157 156 155 154 153 152 151 150 149 148 147 146 145 144 143 142 141 140 139 138 137 136 135 134 133 132 131 130 129 128 127 126 125 124 123 122 121 120 119 118 117 116 115 114 113 112 111 110 109 108 107 106 105 104 103 102 101 100 99 98 97 96 95 94 93 92 91 90 89 88 87 86 85 84 83 82 81 80 79 78 77 76 75 74 73 72 71 70 69 68 67 66 65 64 63 62 61 60 59 58 57 56 55 54 53 52 51 50 49 48 47 46 45 44 43 42 41 40 39 38 37 36 35 34 33 32 31 30 29 28 27 26 25 24 23 22 21 20 19 18 17 16 15 14 13 12 11 10 9 8 7 6 5 4 3 2 1 0

SNR -1.000
511 510 509 508 507 506 505 504 503 502 501 500 499 498 497 496 495 494 493 492 491 490 489 488 487 486 485 484 483 482 481 480 479 478 477 476 475 474 473 472 471 470 469 468 467 466 465 464 463 462 461 460 459 458 457 456 455 454 453 452 451 450 449 448 447 446 445 444 443 442 441 440 439 438 437 436 435 434 433 432 431 430 429 428 427 426 425 424 423 422 421 420 419 418 417 416 415 414 413 412 411 410 409 408 407 406 405 404 403 402 401 400 399 398 397 396 395 394 393 392 391 390 389 388 387 386 385 384 383 382 381 380 379 378 377 376 375 374 373 372 371 370 369 368 367 366 365 364 363 362 361 360 359 358 357 356 355 354 353 352 351 350 349 348 347 346 345 344 343 342 341 340 339 338 337 336 335 334 333 332 331 330 329 328 327 326 325 324 323 322 321 320 319 318 317 316 315 314 313 312 311 310 309 308 307 306 305 304 303 302 301 300 299 298 297 296 295 294 293 292 291 290 289 288 287 286 285 284 283 282 281 280 279 278 277 276 275 274 273 272 271 270 269 268 267 266 265 264 263 262 261 260 259 258 257 256 255 254 253 252 251 250 249 248 247 246 245 244 243 242 241 240 239 238 237 236 235 234 233 232 231 230 229 228 227 226 225 224 223 222 221 220 219 218 217 216 215 214 213 212 211 210 209 208 207 206 205 204 203 202 201 200 199 198 197 196 195 194 193 192 191 190 189 188 187 186 185 184 183 182 181 180 179 178 177 176 175 174 173 172 171 170 169 168 167 166 165 164 163 162 161 160 159 158 157 156 155 154 153 152 151 150 149 148 147 146 145 144 143 142 141 140 139 138 137 136 135 134 133 132 131 130 129 128 127 126 125 124 123 122 121 120 119 118 117 116 115 114 113 112 111 110 109 108 107 106 105 104 103 102 101 100 99 98 97 96 95 94 93 92 91 90 89 88 87 86 85 84 83 82 81 80 79 78 77 76 75 74 73 72 71 70 69 68 67 66 65 64 63 62 61 60 59 58 57 56 55 54 53 52 51 50 49 48 47 46 45 44 43 42 41 40 39 38 37 36 35 34 33 32 31 30 29 28 27 26 25 24 23 22 21 20 19 18 17 16 15 14 13 12 11 10 9 8 7 6 5 4 3 2 1 0

SNR -0.500
511 510 509 508 507 506 505 504 503 502 501 500 499 498 497 496 495 494 493 492 491 490 489 488 487 486 485 484 483 482 481 480 479 478 477 476 475 474 473 472 471 470 469 468 467 466 465 464 463 462 461 460 459 458 457 456 455 454 453 452 451 450 449 448 447 446 445 444 443 442 441 440 439 438 437 436 435 434 433 432 431 430 429 428 427 426 425 424 423 422 421 420 419 418 417 416 415 414 413 412 411 410 409 408 407 406 405 404 403 402 401 400 399 398 397 396 395 394 393 392 391 390 389 388 387 386 385 384 383 382 381 380 379 378 377 376 375 374 373 372 371 370 369 368 367 366 365 364 363 362 361 360 359 358 357 356 355 354 353 352 351 350 349 348 347 346 345 344 343 342 341 340 339 338 337 336 335 334 333 332 331 330 329 328 327 326 325 324 323 322 321 320 319 318 317 316 315 314 313 312 311 310 309 308 307 306 305 304 303 302 301 300 299 298 297 296 295 294 293 292 291 290 289 288 287 286 285 284 283 282 281 280 279 278 277 276 275 274 273 272 271 270 269 268 267 266 265 264 263 262 261 260 259 258 257 256 255 254 253 252 251 250 249 248 247 246 245 244 243 242 241 240 239 238 237 236 235 234 233 232 231 230 229 228 227 226 225 224 223 222 221 220 219 218 217 216 215 214 213 212 211 210 209 208 207 206 205 204 203 202 201 200 199 198 197 196 195 194 193 192 191 190 189 188 187 186 185 184 183 182 181 180 179 178 177 176 175 174 173 172 171 170 169 168 167 166 165 164 163 162 161 160 159 158 157 156 155 154 153 152 151 150 149 148 147 146 145 144 143 142 141 140 139 138 137 136 135 134 133 132 131 130 129 128 127 126 125 124 123 122 121 120 119 118 117 116 115 114 113 112 111 110 109 108 107 106 105 104 103 102 101 100 99 98 97 96 95 94 93 92 91 90 89 88 87 86 85 84 83 82 81 80 79 78 77 76 75 74 73 72 71 70 69 68 67 66 65 64 63 62 61 60 59 58 57 56 55 54 53 52 51 50 49 48 47 46 45 44 43 42 41 40 39 38 37 36 35 34 33 32 31 30 29 28 27 26 25 24 23 22 21 20 19 18 17 16 15 14 13 12 11 10 9 8 7 6 5 4 3 2 1 0

SNR 0.000
511 510 509 508 507 506 505 504 503 502 501 500 499 498 497 496 495 494 493 492 491 490 489 488 487 486 485 484 483 482 481 480 479 478 477 476 475 474 473 472 471 470 469 468 467 466 465 464 463 462 461 460 459 458 457 456 455 454 453 452 451 450 449 448 447 446 445 444 443 442 441 440 439 438 437 436 435 434 433 432 431 430 429 428 427 426 425 424 423 422 421 420 419 418 417 416 415 414 413 412 411 410 409 408 407 406 405 404 403 402 401 400 399 398 397 396 395 394 393 392 391 390 389 388 387 386 385 384 383 382 381 380 379 378 377 376 375 374 373 372 371 370 369 368 367 366 365 364 363 362 361 360 359 358 357 356 355 354 353 352 351 350 349 348 347 346 345 344 343 342 341 340 339 338 337 336 335 334 333 332 331 330 329 328 327 326 325 324 323 322 321 320 319 318 317 316 315 314 313 312 311 310 309 308 307 306 305 304 303 302 301 300 299 298 297 296 295 294 293 292 291 290 289 288 287 286 285 284 283 282 281 280 279 278 277 276 275 274 273 272 271 270 269 268 267 266 265 264 263 262 261 260 259 258 257 256 255 254 253 252 251 250 249 248 247 246 245 244 243 242 241 240 239 238 237 236 235 234 233 232 231 230 229 228 227 226 225 224 223 222 221 220 219 218 217 216 215 214 213 212 211 210 209 208 207 206 205 204 203 202 201 200 199 198 197 196 195 194 193 192 191 190 189 188 187 186 185 184 183 182 181 180 179 178 177 176 175 174 173 172 171 170 169 168 167 166 165 164 163 162 161 160 159 158 157 156 155 154 153 152 151 150 149 148 147 146 145 144 143 142 141 140 139 138 137 136 135 134 133 132 131 130 129 128 127 126 125 124 123 122 121 120 119 118 117 116 115 114 113 112 111 110 109 108 107 106 105 104 103 102 101 100 99 98 97 96 95 94 93 92 91 90 89 88 87 86 85 84 83 82 81 80 79 78 77 76 75 74 73 72 71 70 69 68 67 66 65 64 63 62 61 60 59 58 57 56 55 54 53 52 51 50 49 48 47 46 45 44 43 42 41 40 39 38 37 36 35 34 33 32 31 30 29 28 27 26 25 24 23 22 21 20 19 18 17 16 15 14 13 12 11 10 9 8 7 6 5 4 3 2 1 0

SNR 0.500
511 510 509 508 507 506 505 504 503 502 501 500 499 498 497 496 495 494 493 492 491 490 489 488 487 486 485 484 483 482 481 480 479 478 477 476 475 474 473 472 471 470 469 468 467 466 465 464 463 462 461 460 459 458 457 456 455 454 453 452 451 450 449 448 447 446 445 444 443 442 441 440 439 438 437 436 435 434 433 432 431 430 429 428 427 426 425 424 423 422 421 420 419 418 417 416 415 414 413 412 411 410 409 408 407 406 405 404 403 402 401 400 399 398 397 396 395 394 393 392 391 390 389 388 387 386 385 384 383 382 381 380 379 378 377 376 375 374 373 372 371 370 369 368 367 366 365 364 363 362 361 360 359 358 357 356 355 354 353 352 351 350 349 348 347 346 345 344 343 342 341 340 339 338 337 336 335 334 333 332 331 330 329 328 327 326 325 324 323 322 321 320 319 318 317 316 315 314 313 312 311 310 309 308 307 306 305 304 303 302 301 300 299 298 297 296 295 294 293 292 291 290 289 288 287 286 285 284 283 282 281 280 279 278 277 276 275 274 273 272 271 270 269 268 267 266 265 264 263 262 261 260 259 258 257 256 255 254 253 252 251 250 249 248 247 246 245 244 243 242 241 240 239 238 237 236 235 234 233 232 231 230 229 228 227 226 225 224 223 222 221 220 219 218 217 216 215 214 213 212 211 210 209 208 207 206 205 204 203 202 201 200 199 198 197 196 195 194 193 192 191 190 189 188 187 186 185 184 183 182 181 180 179 178 177 176 175 174 173 172 171 170 169 168 167 166 165 164 163 162 161 160 159 158 157 156 155 154 153 152 151 150 149 148 147 146 145 144 143 142 141 140 139 138 137 136 135 134 133 132 131 130 129 128 127 126 125 124 123 122 121 120 119 118 117 116 115 114 113 112 111 110 109 108 107 106 105 104 103 102 101 100 99 98 97 96 95 94 93 92 91 90 89 88 87 86 85 84 83 82 81 80 79 78 77 76 75 74 73 72 71 70 69 68 67 66 65 64 63 62 61 60 59 58 57 56 55 54 53 52 51 50 49 48 47 46 45 44 43 42 41 40 39 38 37 36 35 34 33 32 31 30 29 28 27 26 25 24 23 22 21 20 19 18 17 16 15 14 13 12 11 10 9 8 7 6 5 4 3 2 1 0

SNR 1.000
511 510 509 508 507 506 505 504 503 502 501 500 499 498 497 496 495 494 493 492 491 490 489 488 487 486 485 484 483 482 481 480 479 478 477 476 475 474 473 472 471 470 469 468 467 466 465 464 463 462 461 460 459 458 457 456 455 454 453 452 451 450 449 448 447 446 445 444 443 442 441 440 439 438 437 436 435 434 433 432 431 430 429 428 427 426 425 424 423 422 421 420 419 418 417 416 415 414 413 412 411 410 409 408 407 406 405 404 403 402 401 400 399 398 397 396 395 394 393 392 391 390 389 388 387 386 385 384 383 382 381 380 379 378 377 376 375 374 373 372 371 370 369 368 367 366 365 364 363 362 361 360 359 358 357 356 355 354 353 352 351 350 349 348 347 346 345 344 343 342 341 340 339 338 337 336 335 334 333 332 331 330 329 328 327 326 325 324 323 322 321 320 319 318 317 316 315 314 313 312 311 310 309 308 307 306 305 304 303 302 301 300 299 298 297 296 295 294 293 292 291 290 289 288 287 286 285 284 283 282 281 280 279 278 277 276 275 274 273 272 271 270 269 268 267 266 265 264 263 262 261 260 259 258 257 256 255 254 253 252 251 250 249 248 247 246 245 244 243 242 241 240 239 238 237 236 235 234 233 232 231 230 229 228 227 226 225 224 223 222 221 220 219 218 217 216 215 214 213 212 211 210 209 208 207 206 205 204 203 202 201 200 199 198 197 196 195 194 193 192 191 190 189 188 187 186 185 184 183 182 181 180 179 178 177 176 175 174 173 172 171 170 169 168 167 166 165 164 163 162 161 160 159 158 157 156 155 154 153 152 151 150 149 148 147 146 145 144 143 142 141 140 139 138 137 136 135 134 133 132 131 130 129 128 127 126 125 124 123 122 121 120 119 118 117 116 115 114 113 112 111 110 109 108 107 106 105 104 103 102 101 100 99 98 97 96 95 94 93 92 91 90 89 88 87 86 85 84 83 82 81 80 79 78 77 76 75 74 73 72 71 70 69 68 67 66 65 64 63 62 61 60 59 58 57 56 55 54 53 52 51 50 49 48 47 46 45 44 43 42 41 40 39 38 37 36 35 34 33 32 31 30 29 28 27 26 25 24 23 22 21 20 19 18 17 16 15 14 13 12 11 10 9 8 7 6 5 4 3 2 1 0

SNR 1.500
511 510 509 508 507 506 505 504 503 502 501 500 499 498 497 496 495 494 493 492 491 490 489 488 487 486 485 484 483 482 481 480 479 478 477 476 475 474 473 472 471 470 469 468 467 466 465 464 463 462 461 460 459 458 457 456 455 454 453 452 451 450 449 448 447 446 445 444 443 442 441 440 439 438 437 436 435 434 433 432 431 430 429 428 427 426 425 424 423 422 421 420 419 418 417 416 415 414 413 412 411 410 409 408 407 406 405 404 403 402 401 400 399 398 397 396 395 394 393 392 391 390 389 388 387 386 385 384 383 382 381 380 379 378 377 376 375 374 373 372 371 370 369 368 367 366 365 364 363 362 361 360 359 358 357 356 355 354 353 352 351 350 349 348 347 346 345 344 343 342 341 340 339 338 337 336 335 334 333 332 331 330 329 328 327 326 325 324 323 322 321 320 319 318 317 316 315 314 313 312 311 310 309 308 307 306 305 304 303 302 301 300 299 298 297 296 295 294 293 292 291 290 289 288 287 286 285 284 283 282 281 280 279 278 277 276 275 274 273 272 271 270 269 268 267 266 265 264 263 262 261 260 259 258 257 256 255 254 253 252 251 250 249 248 247 246 245 244 243 242 241 240 239 238 237 236 235 234 233 232 231 230 229 228 227 226 225 224 223 222 221 220 219 218 217 216 215 214 213 212 211 210 209 208 207 206 205 204 203 202 201 200 199 198 197 196 195 194 193 192 191 190 189 188 187 186 185 184 183 182 181 180 179 178 177 176 175 174 173 172 171 170 169 168 167 166 165 164 163 162 161 160 159 158 157 156 155 154 153 152 151 150 149 148 147 146 145 144 143 142 141 140 139 138 137 136 135 134 133 132 131 130 129 128 127 126 125 124 123 122 121 120 119 118 117 116 115 114 113 112 111 110 109 108 107 106 105 104 103 102 101 100 99 98 97 96 95 94 93 92 91 90 89 88 87 86 85 84 83 82 81 80 79 78 77 76 75 74 73 72 71 70 69 68 67 66 65 64 63 62 61 60 59 58 57 56 55 54 53 52 51 50 49 48 47 46 45 44 43 42 41 40 39 38 37 36 35 34 33 32 31 30 29 28 27 26 25 24 23 22 21 20 19 18 17 16 15 14 13 12 11 10 9 8 7 6 5 4 3 2 1 0

SNR 2.000
511 510 509 508 507 506 505 504 503 502 501 500 499 498 497 496 495 494 493 492 491 490 489 488 487 486 485 484 483 482 481 480 479 478 477 476 475 474 473 472 471 470 469 468 467 466 465 464 463 462 461 460 459 458 457 456 455 454 453 452 451 450 449 448 447 446 445 444 443 442 441 440 439 438 437 436 435 434 433 432 431 430 429 428 427 426 425 424 423 422 421 420 419 418 417 416 415 414 413 412 411 410 409 408 407 406 405 404 403 402 401 400 399 398 397 396 395 394 393 392 391 390 389 388 387 386 385 384 383 382 381 380 379 378 377 376 375 374 373 372 371 370 369 368 367 366 365 364 363 362 361 360 359 358 357 356 355 354 353 352 351 350 349 348 347 346 345 344 343 342 341 340 339 338 337 336 335 334 333 332 331 330 329 328 327 326 325 324 323 322 321 320 319 318 317 316 315 314 313 312 311 310 309 308 307 306 305 304 303 302 301 300 299 298 297 296 295 294 293 292 291 290 289 288 287 286 285 284 283 282 281 280 279 278 277 276 275 274 273 272 271 270 269 268 267 266 265 264 263 262 261 260 259 258 257 256 255 254 253 252 251 250 249 248 247 246 245 244 243 242 241 240 239 238 237 236 235 234 233 232 231 230 229 228 227 226 225 224 223 222 221 220 219 218 217 216 215 214 213 212 211 210 209 208 207 206 205 204 203 202 201 200 199 198 197 196 195 194 193 192 191 190 189 188 187 186 185 184 183 182 181 180 179 178 177 176 175 174 173 172 171 170 169 168 167 166 165 164 163 162 161 160 159 158 157 156 155 154 153 152 151 150 149 148 147 146 145 144 143 142 141 140 139 138 137 136 135 134 133 132 131 130 129 128 127 126 125 124 123 122 121 120 119 118 117 116 115 114 113 112 111 110 109 108 107 106 105 104 103 102 101 100 99 98 97 96 95 94 93 92 91 90 89 88 87 86 85 84 83 82 81 80 79 78 77 76 75 74 73 72 71 70 69 68 67 66 65 64 63 62 61 60 59 58 57 56 55 54 53 52 51 50 49 48 47 46 45 44 43 42 41 40 39 38 37 36 35 34 33 32 31 30 29 28 27 26 25 24 23 22 21 20 19 18 17 16 15 14 13 12 11 10 9 8 7 6 5 4 3 2 1 0

SNR 2.500
511 510 509 508 507 506 505 504 503 502 501 500 499 498 497 496 495 494 493 492 491 490 489 488 487 486 485 484 483 482 481 480 479 478 477 476 475 474 473 472 471 470 469 468 467 466 465 464 463 462 461 460 459 458 457 456 455 454 453 452 451 450 449 448 447 446 445 444 443 442 441 440 439 438 437 436 435 434 433 432 431 430 429 428 427 426 425 424 423 422 421 420 419 418 417 416 415 414 413 412 411 410 409 408 407 406 405 404 403 402 401 400 399 398 397 396 395 394 393 392 391 390 389 388 387 386 385 384 383 382 381 380 379 378 377 376 375 374 373 372 371 370 369 368 367 366 365 364 363 362 361 360 359 358 357 356 355 354 353 352 351 350 349 348 347 346 345 344 343 342 341 340 339 338 337 336 335 334 333 332 331 330 329 328 327 326 325 324 323 322 321 320 319 318 317 316 315 314 313 312 311 310 309 308 307 306 305 304 303 302 301 300 299 298 297 296 295 294 293 292 291 290 289 288 287 286 285 284 283 282 281 280 279 278 277 276 275 274 273 272 271 270 269 268 267 266 265 264 263 262 261 260 259 258 257 256 255 254 253 252 251 250 249 248 247 246 245 244 243 242 241 240 239 238 237 236 235 234 233 232 231 230 229 228 227 226 225 224 223 222 221 220 219 218 217 216 215 214 213 212 211 210 209 208 207 206 205 204 203 202 201 200 199 198 197 196 195 194 193 192 191 190 189 188 187 186 185 184 183 182 181 180 179 178 177 176 175 174 173 172 171 170 169 168 167 166 165 164 163 162 161 160 159 158 157 156 155 154 153 152 151 150 149 148 147 146 145 144 143 142 141 140 139 138 137 136 135 134 133 132 131 130 129 128 127 126 125 124 123 122 121 120 119 118 117 116 115 114 113 112 111 110 109 108 107 106 105 104 103 102 101 100 99 98 97 96 95 94 93 92 91 90 89 88 87 86 85 84 83 82 81 80 79 78 77 76 75 74 73 72 71 70 69 68 67 66 65 64 63 62 61 60 59 58 57 56 55 54 53 52 51 50 49 48 47 46 45 44 43 42 41 40 39 38 37 36 35 34 33 32 31 30 29 28 27 26 25 24 23 22 21 20 19 18 17 16 15 14 13 12 11 10 9 8 7 6 5 4 3 2 1 0

