SNR -22.000
127 126 125 123 119 124 122 111 121 63 95 118 31 117 47 79 115 55 59 103 61 87 15 110 62 107 109 91 93 94 120 23 39 71 29 27 7 30 51 43 75 99 83 116 45 46 113 77 57 78 53 114 11 19 35 54 101 67 58 105 85 89 3 60 102 86 106 108 14 13 90 92 25 21 37 49 41 69 73 81 97 17 9 5 33 28 65 22 1 38 70 26 6 44 50 56 112 52 76 42 74 98 82 100 104 84 88 12 24 18 10 34 20 36 40 48 66 72 68 80 96 8 16 2 4 32 64 0

SNR -21.500
127 126 125 123 119 124 122 111 121 63 118 95 117 31 115 47 79 55 110 59 103 61 87 109 107 15 62 91 93 94 120 23 39 71 29 27 7 30 116 51 43 75 99 83 113 45 46 114 77 57 78 53 101 54 105 58 11 19 35 85 67 89 102 60 3 108 86 106 90 14 13 92 25 21 37 49 41 69 73 97 81 28 17 9 5 33 65 22 38 1 70 26 6 112 44 50 76 56 52 42 98 74 100 82 104 84 88 12 24 18 10 34 20 36 40 48 66 72 68 80 96 8 16 2 4 32 64 0

SNR -21.000
127 126 125 123 119 124 122 121 111 118 95 63 117 31 115 110 47 79 55 109 120 103 59 107 87 61 62 91 15 93 94 23 39 116 71 27 29 30 7 51 113 43 114 99 75 83 45 77 46 57 78 53 101 105 54 85 58 108 102 89 11 19 35 67 106 60 86 3 90 92 14 13 25 21 37 49 41 69 73 97 81 28 22 17 9 5 33 65 38 70 1 26 112 6 44 50 76 42 52 56 98 74 100 82 104 84 88 12 24 18 10 34 20 36 40 48 72 66 68 80 96 8 16 2 4 32 64 0

SNR -20.500
127 126 125 123 119 124 122 121 111 118 117 95 63 115 110 31 120 109 47 79 55 103 107 59 87 61 91 62 93 94 15 116 23 39 71 27 29 114 30 7 113 51 99 43 75 83 45 77 46 78 108 105 57 53 101 106 102 54 85 89 58 11 19 35 67 60 86 90 3 92 14 13 25 21 37 49 41 69 97 73 81 22 28 17 9 5 38 33 65 70 112 26 1 44 50 76 6 98 42 52 100 104 74 56 82 84 88 12 24 18 10 34 20 36 40 66 48 72 68 96 80 8 16 2 4 32 64 0

SNR -20.000
127 125 126 123 119 124 122 121 111 118 117 95 115 63 110 120 109 31 107 47 79 103 55 116 59 61 94 87 91 93 62 15 114 23 39 71 113 27 29 30 7 99 108 51 43 75 83 105 45 77 101 46 106 78 53 57 102 54 85 89 58 86 60 11 19 35 90 67 92 3 14 13 25 21 37 41 97 49 69 73 81 112 22 28 38 17 9 5 70 33 65 26 1 98 104 44 100 50 76 42 74 52 6 82 56 84 88 12 24 18 10 34 20 36 40 66 72 48 68 96 80 16 8 2 4 32 64 0

SNR -19.500
127 126 125 123 119 124 122 111 121 118 117 115 95 110 120 63 109 116 107 31 103 47 79 94 55 59 87 93 61 91 62 114 15 113 23 108 39 71 27 29 30 99 7 106 105 43 51 75 83 101 45 77 102 46 78 53 57 85 89 54 58 86 92 90 60 11 19 35 67 3 14 13 112 25 21 37 97 69 41 73 49 81 22 28 38 70 17 9 5 33 26 65 1 104 98 100 44 76 42 50 74 52 82 84 56 6 88 12 24 18 10 34 20 36 40 66 72 96 68 48 80 8 16 2 4 32 64 0

SNR -19.000
127 126 123 119 125 124 111 122 121 118 117 115 95 110 120 109 63 116 107 31 94 103 114 47 79 93 55 59 87 91 61 62 113 15 108 23 39 71 106 27 105 29 99 30 7 43 75 51 101 83 102 45 77 78 46 53 85 57 89 92 54 86 58 90 60 11 19 35 67 3 112 14 13 25 97 21 37 69 41 73 49 81 22 38 28 104 70 26 17 9 5 33 65 98 100 1 44 76 42 74 50 82 52 84 56 88 6 12 24 18 10 34 20 96 36 66 40 72 68 48 80 8 16 2 4 32 64 0

SNR -18.500
127 126 123 125 119 124 111 122 121 118 117 115 110 95 109 120 116 107 63 114 94 103 93 31 113 79 108 47 91 87 55 59 61 62 15 106 105 23 39 71 99 27 29 102 101 30 75 43 83 51 7 92 77 45 78 89 85 46 53 57 90 86 54 58 112 60 11 19 35 67 3 14 13 25 97 21 37 104 69 73 41 81 49 22 28 38 70 98 100 26 17 9 5 33 65 1 74 76 82 42 44 50 84 52 88 56 6 12 24 18 10 96 34 20 66 36 72 68 40 80 48 8 16 2 4 32 64 0

SNR -18.000
127 126 125 123 119 111 122 124 121 118 117 115 95 110 109 120 107 116 114 63 94 103 113 93 108 31 91 79 47 87 106 55 59 61 62 105 15 102 23 99 71 101 39 92 27 29 30 75 83 112 43 51 89 7 77 90 45 85 78 46 53 86 57 54 58 60 11 19 35 67 3 104 14 13 97 25 21 69 37 73 81 41 49 100 98 22 70 38 28 26 17 9 5 33 65 82 74 76 88 42 84 44 50 1 52 56 6 12 96 18 10 24 34 20 66 68 72 36 40 80 48 8 16 2 4 32 64 0

SNR -17.500
127 126 125 123 119 111 122 121 124 117 118 115 95 110 109 120 107 116 114 94 103 63 113 93 108 91 106 31 87 79 105 47 62 61 55 59 102 15 92 101 99 112 23 71 39 27 90 29 89 83 75 30 43 51 77 85 78 86 45 7 46 53 57 54 58 60 104 11 19 67 35 3 13 14 97 100 25 98 69 21 73 81 37 41 49 22 70 38 28 26 88 82 74 84 76 17 9 5 33 65 42 44 50 52 1 56 6 96 12 18 10 24 34 66 20 72 68 36 80 40 48 8 16 2 4 32 64 0

SNR -17.000
127 126 125 123 119 111 121 122 124 118 117 115 95 110 109 107 120 116 114 94 103 113 93 63 108 106 91 105 87 62 102 79 31 61 47 59 55 92 101 112 99 15 90 89 71 23 39 27 83 29 75 86 85 30 77 43 104 51 78 45 7 46 53 57 60 54 58 100 11 19 67 35 97 98 13 14 3 25 69 81 73 21 37 88 41 49 70 22 38 82 26 28 84 74 76 42 50 44 17 9 5 65 33 52 56 1 6 96 12 18 10 66 24 68 72 34 80 20 36 40 48 8 16 2 4 32 64 0

SNR -16.500
127 126 125 123 119 111 124 122 121 117 118 115 95 110 109 107 120 116 103 94 114 93 113 63 108 106 91 105 102 87 62 92 101 79 61 112 31 59 47 55 90 99 89 15 104 86 71 23 83 85 39 27 75 29 77 78 30 43 51 60 45 57 53 46 58 100 54 7 97 98 67 11 19 35 88 13 14 3 81 69 73 25 21 37 41 84 49 70 82 22 38 74 26 28 76 42 50 44 52 56 17 9 5 65 33 1 6 96 12 80 66 68 10 18 72 24 20 34 36 40 48 8 16 2 4 64 32 0

SNR -16.000
127 126 125 123 119 111 124 122 118 95 121 117 110 115 109 107 120 103 116 94 114 93 113 63 108 91 106 105 102 87 92 101 62 112 61 79 90 99 59 31 89 55 47 104 86 85 15 83 71 100 60 78 23 75 39 77 27 29 51 43 57 30 58 45 53 46 54 98 7 97 88 67 11 19 35 81 13 14 84 3 69 73 82 25 21 37 70 41 49 74 76 22 38 26 28 42 50 56 44 52 65 17 9 5 33 96 1 6 80 12 66 68 72 18 10 34 24 20 36 40 48 8 16 2 64 4 32 0

SNR -15.500
127 126 125 123 122 119 111 95 124 117 121 118 115 110 109 107 103 93 94 120 116 114 63 113 91 108 106 105 87 102 101 92 62 90 61 112 79 99 89 59 104 86 55 31 47 85 100 83 60 78 15 77 71 75 98 58 23 39 57 27 88 29 51 43 97 53 30 45 54 46 7 84 67 81 11 19 82 35 13 73 14 69 3 76 70 21 74 25 37 41 49 22 38 56 26 28 50 42 52 96 44 65 17 9 5 33 1 6 80 66 72 12 68 10 18 34 20 24 36 40 48 64 8 16 4 2 32 0

SNR -15.000
127 126 125 124 123 122 121 119 118 111 95 117 115 110 109 107 103 94 63 120 93 116 91 114 113 108 106 105 87 102 101 92 62 90 61 79 99 112 89 59 86 104 85 55 100 47 60 31 83 78 98 77 88 58 75 71 97 15 57 23 39 54 51 53 27 43 29 84 45 30 46 7 82 81 67 76 11 19 35 73 69 74 13 70 14 56 3 21 37 25 96 49 41 22 38 52 50 26 42 28 44 65 9 17 5 33 1 80 6 72 66 68 12 10 18 34 20 36 24 40 48 64 8 16 2 4 32 0

SNR -14.500
127 126 125 124 123 122 121 119 118 117 115 111 110 109 95 107 103 94 91 93 114 120 113 116 87 108 63 106 105 102 101 92 62 90 61 79 99 89 112 59 86 104 85 100 55 83 60 78 98 47 88 77 58 31 97 57 75 84 71 54 15 53 51 39 23 82 27 43 46 45 29 30 81 76 7 67 74 73 56 96 69 11 19 35 70 13 14 49 52 37 21 25 41 50 3 38 22 26 42 44 28 80 65 9 5 17 33 1 6 72 66 68 12 10 18 34 48 20 36 40 24 64 8 16 2 4 32 0

SNR -14.000
127 126 125 124 123 122 121 119 118 117 115 111 110 109 107 103 95 63 93 94 91 87 120 114 116 106 105 108 113 102 101 92 99 79 62 90 61 89 59 86 112 85 104 55 83 100 78 60 98 77 88 58 47 97 57 75 84 31 54 71 53 82 51 81 46 15 76 39 45 23 43 27 29 30 56 74 96 73 7 67 70 69 52 35 11 19 49 50 13 14 37 41 21 25 38 44 80 42 22 3 26 28 65 9 72 17 5 33 66 68 1 6 48 12 34 10 18 36 40 20 24 64 8 16 2 4 32 0

SNR -13.500
127 126 125 124 123 122 121 119 118 117 115 111 110 109 107 103 95 94 93 91 63 87 120 113 116 108 105 114 106 62 101 102 79 99 61 92 90 89 59 86 85 112 55 83 104 78 100 60 77 98 58 88 47 97 57 75 84 54 82 31 53 71 81 76 51 46 45 56 74 15 43 39 96 23 30 29 27 73 70 52 67 69 7 50 49 80 35 11 19 44 13 41 37 14 42 38 21 25 22 26 28 3 72 65 68 33 66 9 5 17 48 6 1 34 40 12 36 10 18 20 24 64 8 2 32 16 4 0

SNR -13.000
127 126 125 124 123 122 121 119 118 117 115 111 110 109 107 103 95 94 93 91 87 63 120 116 106 79 113 62 108 114 105 102 61 101 90 92 99 86 59 85 83 89 55 78 112 104 77 60 100 58 47 98 57 75 88 97 84 54 53 82 71 31 81 76 51 46 74 45 56 96 73 43 52 30 39 70 15 29 23 27 69 50 80 67 49 44 7 42 35 41 11 19 37 72 38 13 14 21 25 28 22 26 3 68 65 66 48 33 5 9 17 6 40 1 34 36 12 18 10 20 24 64 32 8 2 4 16 0

SNR -12.500
127 126 125 124 123 122 121 119 118 117 115 111 110 109 107 103 95 94 93 91 87 79 63 62 116 59 114 106 120 61 108 113 102 55 105 92 99 89 90 101 86 85 83 47 112 77 78 75 104 58 60 57 100 98 88 54 97 84 53 71 82 31 81 51 76 46 45 74 56 73 43 52 96 70 30 39 50 29 69 80 27 49 15 44 23 67 42 72 41 7 38 35 37 28 19 11 25 13 68 26 21 14 22 48 65 66 3 33 40 9 5 17 36 34 6 1 18 10 12 24 20 64 32 8 4 2 16 0

SNR -12.000
127 126 125 124 123 122 121 120 119 118 117 116 115 114 111 110 109 108 107 103 95 94 93 91 87 79 63 62 61 59 55 105 106 113 102 101 92 99 90 89 85 86 83 47 77 75 78 60 58 112 98 100 104 53 57 54 97 88 71 84 31 51 82 46 81 76 45 74 56 73 43 52 70 30 96 50 39 69 29 49 44 80 27 67 42 23 72 15 41 38 28 68 37 35 7 26 48 25 19 11 66 21 13 22 14 65 40 3 33 36 34 17 5 9 6 24 18 20 10 12 1 64 32 8 16 4 2 0

SNR -11.500
127 126 125 124 123 122 121 120 119 118 117 116 115 114 113 111 110 109 108 107 106 105 103 102 101 99 95 94 93 92 91 90 87 79 63 62 61 59 55 47 85 89 86 83 78 77 60 75 57 54 58 31 112 53 104 51 71 100 97 46 88 98 84 82 45 81 76 74 43 73 56 52 70 30 39 69 50 29 96 49 44 80 27 67 42 41 72 23 38 28 15 68 37 48 26 35 66 25 22 65 7 21 19 40 11 13 14 36 33 34 3 24 17 9 5 20 64 18 6 10 12 1 32 16 8 4 2 0

SNR -11.000
127 126 125 124 123 122 121 120 119 118 117 116 115 114 113 111 110 109 108 107 106 105 103 102 101 99 95 94 93 92 91 90 89 87 85 83 79 63 62 61 59 55 47 86 78 77 75 31 57 54 58 60 53 51 71 112 104 100 98 45 88 97 81 46 84 82 76 43 74 39 56 73 30 52 70 29 69 50 49 27 44 96 67 42 80 41 23 38 72 28 37 68 26 15 48 35 66 25 40 22 65 21 19 14 36 7 13 11 34 24 33 3 64 20 17 18 5 9 6 12 10 1 32 16 8 4 2 0

SNR -10.500
127 126 125 124 123 122 121 120 119 118 117 116 115 114 113 111 110 109 108 107 106 105 103 102 101 99 95 94 93 92 91 90 89 87 86 85 83 79 78 77 75 63 62 61 60 59 57 55 47 31 71 58 53 51 46 45 54 112 43 88 104 100 97 98 74 82 73 76 84 81 29 56 30 39 70 27 52 69 49 50 44 67 42 41 23 96 38 80 37 28 72 26 68 15 35 25 48 66 22 40 65 21 36 19 14 34 13 24 11 7 33 20 64 18 17 3 12 9 5 10 6 32 1 16 8 2 4 0

SNR -10.000
127 126 125 124 123 122 121 120 119 118 117 116 115 114 113 111 110 109 108 107 106 105 103 102 101 99 95 94 93 92 91 90 89 87 86 85 83 79 78 77 75 71 63 62 61 60 59 58 57 55 54 53 51 47 46 45 31 43 104 100 39 29 98 112 97 82 88 81 76 84 74 30 73 27 70 69 56 52 44 49 23 67 42 50 41 38 37 96 80 15 28 26 72 35 25 68 22 48 66 21 40 65 36 19 14 34 13 24 33 11 20 7 64 18 17 12 10 9 3 32 5 6 16 1 8 4 2 0

SNR -9.500
127 126 125 124 123 122 121 120 119 118 117 116 115 114 113 111 110 109 108 107 106 105 103 102 101 99 95 94 93 92 91 90 89 87 86 85 83 79 78 77 75 71 63 62 61 60 59 58 57 55 54 53 51 47 46 45 43 39 31 30 29 27 84 88 100 98 112 82 23 97 74 76 104 81 56 70 73 52 49 50 67 69 44 42 41 37 38 28 15 25 80 26 35 96 22 72 21 68 48 66 40 19 65 14 36 13 34 24 33 11 20 18 7 64 17 12 10 32 9 6 3 5 16 8 1 4 2 0

SNR -9.000
127 126 125 124 123 122 121 120 119 118 117 116 115 114 113 112 111 110 109 108 107 106 105 104 103 102 101 100 99 98 97 95 94 93 92 91 90 89 88 87 86 85 83 79 78 77 75 71 63 62 61 60 59 58 57 55 54 53 51 47 46 45 43 39 31 30 29 27 23 84 76 81 82 73 74 69 52 56 41 70 15 67 50 49 42 44 37 38 35 25 28 26 22 96 21 72 80 19 68 66 14 48 40 13 65 36 34 11 24 33 20 18 7 17 12 64 10 32 9 6 5 16 3 8 4 1 2 0

SNR -8.500
127 126 125 124 123 122 121 120 119 118 117 116 115 114 113 112 111 110 109 108 107 106 105 104 103 102 101 100 99 98 97 95 94 93 92 91 90 89 88 87 86 85 84 83 82 81 79 78 77 76 75 74 73 71 70 63 62 61 60 59 58 57 56 55 54 53 52 51 47 46 45 43 39 31 30 29 27 23 15 69 44 50 42 41 49 67 37 38 28 35 22 21 25 26 14 19 13 80 96 72 66 11 68 48 36 40 65 34 24 33 20 7 18 17 12 10 64 9 32 6 5 16 3 8 4 2 1 0

SNR -8.000
127 126 125 124 123 122 121 120 119 118 117 116 115 114 113 112 111 110 109 108 107 106 105 104 103 102 101 100 99 98 97 95 94 93 92 91 90 89 88 87 86 85 84 83 82 81 79 78 77 76 75 74 73 71 70 69 67 63 62 61 60 59 58 57 56 55 54 53 52 51 50 49 47 46 45 44 43 42 41 39 38 37 31 30 29 27 23 15 35 26 25 28 21 22 19 14 80 96 11 13 68 72 66 48 34 65 36 40 24 33 7 20 18 17 12 10 9 64 6 5 32 16 3 8 4 2 1 0

SNR -7.500
127 126 125 124 123 122 121 120 119 118 117 116 115 114 113 112 111 110 109 108 107 106 105 104 103 102 101 100 99 98 97 95 94 93 92 91 90 89 88 87 86 85 84 83 82 81 79 78 77 76 75 74 73 71 70 69 67 63 62 61 60 59 58 57 56 55 54 53 52 51 50 49 47 46 45 44 43 42 41 39 38 37 35 31 30 29 28 27 26 25 23 22 21 19 15 14 11 13 80 7 96 68 66 72 65 40 48 34 20 24 18 36 33 17 12 10 9 6 5 64 32 3 16 8 4 2 1 0

SNR -7.000
127 126 125 124 123 122 121 120 119 118 117 116 115 114 113 112 111 110 109 108 107 106 105 104 103 102 101 100 99 98 97 95 94 93 92 91 90 89 88 87 86 85 84 83 82 81 79 78 77 76 75 74 73 71 70 69 67 63 62 61 60 59 58 57 56 55 54 53 52 51 50 49 47 46 45 44 43 42 41 39 38 37 35 31 30 29 28 27 26 25 23 22 21 19 15 14 13 11 7 72 80 96 68 48 36 40 24 65 20 66 34 33 12 18 10 17 9 6 5 3 64 32 16 8 4 2 1 0

SNR -6.500
127 126 125 124 123 122 121 120 119 118 117 116 115 114 113 112 111 110 109 108 107 106 105 104 103 102 101 100 99 98 97 95 94 93 92 91 90 89 88 87 86 85 84 83 82 81 79 78 77 76 75 74 73 71 70 69 67 63 62 61 60 59 58 57 56 55 54 53 52 51 50 49 47 46 45 44 43 42 41 39 38 37 35 31 30 29 28 27 26 25 23 22 21 19 15 14 13 11 7 96 80 68 36 66 65 40 48 24 33 18 34 72 20 10 12 9 17 6 5 3 64 32 16 8 4 2 1 0

SNR -6.000
127 126 125 124 123 122 121 120 119 118 117 116 115 114 113 112 111 110 109 108 107 106 105 104 103 102 101 100 99 98 97 96 95 94 93 92 91 90 89 88 87 86 85 84 83 82 81 80 79 78 77 76 75 74 73 72 71 70 69 67 63 62 61 60 59 58 57 56 55 54 53 52 51 50 49 47 46 45 44 43 42 41 40 39 38 37 35 31 30 29 28 27 26 25 23 22 21 19 15 14 13 11 7 68 48 66 34 36 24 33 20 65 12 18 9 6 17 10 3 5 64 32 16 8 4 2 1 0

SNR -5.500
127 126 125 124 123 122 121 120 119 118 117 116 115 114 113 112 111 110 109 108 107 106 105 104 103 102 101 100 99 98 97 96 95 94 93 92 91 90 89 88 87 86 85 84 83 82 81 80 79 78 77 76 75 74 73 72 71 70 69 68 67 66 63 62 61 60 59 58 57 56 55 54 53 52 51 50 49 48 47 46 45 44 43 42 41 40 39 38 37 36 35 34 33 31 30 29 28 27 26 25 24 23 22 21 19 18 17 15 14 13 12 11 7 9 65 10 6 5 20 3 32 16 64 8 4 2 1 0

SNR -5.000
127 126 125 124 123 122 121 120 119 118 117 116 115 114 113 112 111 110 109 108 107 106 105 104 103 102 101 100 99 98 97 96 95 94 93 92 91 90 89 88 87 86 85 84 83 82 81 80 79 78 77 76 75 74 73 72 71 70 69 68 67 66 65 63 62 61 60 59 58 57 56 55 54 53 52 51 50 49 48 47 46 45 44 43 42 41 40 39 38 37 36 35 34 33 31 30 29 28 27 26 25 24 23 22 21 20 19 18 17 15 14 13 12 11 10 9 7 6 5 3 64 32 16 8 2 4 1 0

SNR -4.500
127 126 125 124 123 122 121 120 119 118 117 116 115 114 113 112 111 110 109 108 107 106 105 104 103 102 101 100 99 98 97 96 95 94 93 92 91 90 89 88 87 86 85 84 83 82 81 80 79 78 77 76 75 74 73 72 71 70 69 68 67 66 65 63 62 61 60 59 58 57 56 55 54 53 52 51 50 49 48 47 46 45 44 43 42 41 40 39 38 37 36 35 34 33 31 30 29 28 27 26 25 24 23 22 21 20 19 18 17 15 14 13 12 11 10 9 7 6 5 3 64 16 32 8 4 2 1 0

SNR -4.000
127 126 125 124 123 122 121 120 119 118 117 116 115 114 113 112 111 110 109 108 107 106 105 104 103 102 101 100 99 98 97 96 95 94 93 92 91 90 89 88 87 86 85 84 83 82 81 80 79 78 77 76 75 74 73 72 71 70 69 68 67 66 65 63 62 61 60 59 58 57 56 55 54 53 52 51 50 49 48 47 46 45 44 43 42 41 40 39 38 37 36 35 34 33 31 30 29 28 27 26 25 24 23 22 21 20 19 18 17 15 14 13 12 11 10 9 7 6 5 3 32 64 16 8 4 2 1 0

SNR -3.500
127 126 125 124 123 122 121 120 119 118 117 116 115 114 113 112 111 110 109 108 107 106 105 104 103 102 101 100 99 98 97 96 95 94 93 92 91 90 89 88 87 86 85 84 83 82 81 80 79 78 77 76 75 74 73 72 71 70 69 68 67 66 65 63 62 61 60 59 58 57 56 55 54 53 52 51 50 49 48 47 46 45 44 43 42 41 40 39 38 37 36 35 34 33 31 30 29 28 27 26 25 24 23 22 21 20 19 18 17 15 14 13 12 11 10 9 7 6 5 3 16 64 32 1 4 2 8 0

SNR -3.000
127 126 125 124 123 122 121 120 119 118 117 116 115 114 113 112 111 110 109 108 107 106 105 104 103 102 101 100 99 98 97 96 95 94 93 92 91 90 89 88 87 86 85 84 83 82 81 80 79 78 77 76 75 74 73 72 71 70 69 68 67 66 65 64 63 62 61 60 59 58 57 56 55 54 53 52 51 50 49 48 47 46 45 44 43 42 41 40 39 38 37 36 35 34 33 31 30 29 28 27 26 25 24 23 22 21 20 19 18 17 15 14 13 12 11 10 9 7 6 5 3 16 8 32 2 1 4 0

SNR -2.500
127 126 125 124 123 122 121 120 119 118 117 116 115 114 113 112 111 110 109 108 107 106 105 104 103 102 101 100 99 98 97 96 95 94 93 92 91 90 89 88 87 86 85 84 83 82 81 80 79 78 77 76 75 74 73 72 71 70 69 68 67 66 65 64 63 62 61 60 59 58 57 56 55 54 53 52 51 50 49 48 47 46 45 44 43 42 41 40 39 38 37 36 35 34 33 32 31 30 29 28 27 26 25 24 23 22 21 20 19 18 17 16 15 14 13 12 11 10 9 8 7 6 5 4 3 2 1 0

SNR -2.000
127 126 125 124 123 122 121 120 119 118 117 116 115 114 113 112 111 110 109 108 107 106 105 104 103 102 101 100 99 98 97 96 95 94 93 92 91 90 89 88 87 86 85 84 83 82 81 80 79 78 77 76 75 74 73 72 71 70 69 68 67 66 65 64 63 62 61 60 59 58 57 56 55 54 53 52 51 50 49 48 47 46 45 44 43 42 41 40 39 38 37 36 35 34 33 32 31 30 29 28 27 26 25 24 23 22 21 20 19 18 17 16 15 14 13 12 11 10 9 8 7 6 5 4 3 2 1 0

SNR -1.500
127 126 125 124 123 122 121 120 119 118 117 116 115 114 113 112 111 110 109 108 107 106 105 104 103 102 101 100 99 98 97 96 95 94 93 92 91 90 89 88 87 86 85 84 83 82 81 80 79 78 77 76 75 74 73 72 71 70 69 68 67 66 65 64 63 62 61 60 59 58 57 56 55 54 53 52 51 50 49 48 47 46 45 44 43 42 41 40 39 38 37 36 35 34 33 32 31 30 29 28 27 26 25 24 23 22 21 20 19 18 17 16 15 14 13 12 11 10 9 8 7 6 5 4 3 2 1 0

SNR -1.000
127 126 125 124 123 122 121 120 119 118 117 116 115 114 113 112 111 110 109 108 107 106 105 104 103 102 101 100 99 98 97 96 95 94 93 92 91 90 89 88 87 86 85 84 83 82 81 80 79 78 77 76 75 74 73 72 71 70 69 68 67 66 65 64 63 62 61 60 59 58 57 56 55 54 53 52 51 50 49 48 47 46 45 44 43 42 41 40 39 38 37 36 35 34 33 32 31 30 29 28 27 26 25 24 23 22 21 20 19 18 17 16 15 14 13 12 11 10 9 8 7 6 5 4 3 2 1 0

SNR -0.500
127 126 125 124 123 122 121 120 119 118 117 116 115 114 113 112 111 110 109 108 107 106 105 104 103 102 101 100 99 98 97 96 95 94 93 92 91 90 89 88 87 86 85 84 83 82 81 80 79 78 77 76 75 74 73 72 71 70 69 68 67 66 65 64 63 62 61 60 59 58 57 56 55 54 53 52 51 50 49 48 47 46 45 44 43 42 41 40 39 38 37 36 35 34 33 32 31 30 29 28 27 26 25 24 23 22 21 20 19 18 17 16 15 14 13 12 11 10 9 8 7 6 5 4 3 2 1 0

SNR 0.000
127 126 125 124 123 122 121 120 119 118 117 116 115 114 113 112 111 110 109 108 107 106 105 104 103 102 101 100 99 98 97 96 95 94 93 92 91 90 89 88 87 86 85 84 83 82 81 80 79 78 77 76 75 74 73 72 71 70 69 68 67 66 65 64 63 62 61 60 59 58 57 56 55 54 53 52 51 50 49 48 47 46 45 44 43 42 41 40 39 38 37 36 35 34 33 32 31 30 29 28 27 26 25 24 23 22 21 20 19 18 17 16 15 14 13 12 11 10 9 8 7 6 5 4 3 2 1 0

SNR 0.500
127 126 125 124 123 122 121 120 119 118 117 116 115 114 113 112 111 110 109 108 107 106 105 104 103 102 101 100 99 98 97 96 95 94 93 92 91 90 89 88 87 86 85 84 83 82 81 80 79 78 77 76 75 74 73 72 71 70 69 68 67 66 65 64 63 62 61 60 59 58 57 56 55 54 53 52 51 50 49 48 47 46 45 44 43 42 41 40 39 38 37 36 35 34 33 32 31 30 29 28 27 26 25 24 23 22 21 20 19 18 17 16 15 14 13 12 11 10 9 8 7 6 5 4 3 2 1 0

SNR 1.000
127 126 125 124 123 122 121 120 119 118 117 116 115 114 113 112 111 110 109 108 107 106 105 104 103 102 101 100 99 98 97 96 95 94 93 92 91 90 89 88 87 86 85 84 83 82 81 80 79 78 77 76 75 74 73 72 71 70 69 68 67 66 65 64 63 62 61 60 59 58 57 56 55 54 53 52 51 50 49 48 47 46 45 44 43 42 41 40 39 38 37 36 35 34 33 32 31 30 29 28 27 26 25 24 23 22 21 20 19 18 17 16 15 14 13 12 11 10 9 8 7 6 5 4 3 2 1 0

SNR 1.500
127 126 125 124 123 122 121 120 119 118 117 116 115 114 113 112 111 110 109 108 107 106 105 104 103 102 101 100 99 98 97 96 95 94 93 92 91 90 89 88 87 86 85 84 83 82 81 80 79 78 77 76 75 74 73 72 71 70 69 68 67 66 65 64 63 62 61 60 59 58 57 56 55 54 53 52 51 50 49 48 47 46 45 44 43 42 41 40 39 38 37 36 35 34 33 32 31 30 29 28 27 26 25 24 23 22 21 20 19 18 17 16 15 14 13 12 11 10 9 8 7 6 5 4 3 2 1 0

SNR 2.000
127 126 125 124 123 122 121 120 119 118 117 116 115 114 113 112 111 110 109 108 107 106 105 104 103 102 101 100 99 98 97 96 95 94 93 92 91 90 89 88 87 86 85 84 83 82 81 80 79 78 77 76 75 74 73 72 71 70 69 68 67 66 65 64 63 62 61 60 59 58 57 56 55 54 53 52 51 50 49 48 47 46 45 44 43 42 41 40 39 38 37 36 35 34 33 32 31 30 29 28 27 26 25 24 23 22 21 20 19 18 17 16 15 14 13 12 11 10 9 8 7 6 5 4 3 2 1 0

SNR 2.500
127 126 125 124 123 122 121 120 119 118 117 116 115 114 113 112 111 110 109 108 107 106 105 104 103 102 101 100 99 98 97 96 95 94 93 92 91 90 89 88 87 86 85 84 83 82 81 80 79 78 77 76 75 74 73 72 71 70 69 68 67 66 65 64 63 62 61 60 59 58 57 56 55 54 53 52 51 50 49 48 47 46 45 44 43 42 41 40 39 38 37 36 35 34 33 32 31 30 29 28 27 26 25 24 23 22 21 20 19 18 17 16 15 14 13 12 11 10 9 8 7 6 5 4 3 2 1 0

