SNR -22.000
31 30 29 15 27 23 7 11 19 13 28 14 25 21 3 26 22 5 9 17 1 6 12 10 18 24 20 2 4 8 16 0

SNR -21.500
31 30 29 15 27 23 7 11 19 28 13 14 25 21 26 3 22 5 9 17 1 6 12 10 18 24 20 2 4 8 16 0

SNR -21.000
31 30 29 27 15 23 7 28 11 19 13 14 25 26 21 22 3 5 9 17 6 1 12 10 24 18 20 2 4 8 16 0

SNR -20.500
31 30 29 27 15 23 7 28 11 19 13 25 26 14 21 22 3 5 9 17 6 1 12 24 10 18 20 2 4 8 16 0

SNR -20.000
31 30 29 27 15 23 28 7 11 19 26 25 13 14 21 22 3 5 9 17 6 1 24 10 12 18 20 2 4 8 16 0

SNR -19.500
31 30 29 27 23 15 28 7 26 11 19 25 13 14 21 22 3 5 9 17 6 1 24 10 18 12 20 2 4 8 16 0

SNR -19.000
31 30 29 27 23 15 28 7 26 25 11 19 13 21 14 22 3 5 9 17 6 24 1 10 18 12 20 2 4 8 16 0

SNR -18.500
31 30 29 27 23 15 28 26 7 25 19 11 22 21 13 14 3 5 17 9 24 6 1 18 10 20 12 2 4 8 16 0

SNR -18.000
31 30 29 27 23 28 15 26 25 7 19 22 11 21 13 14 3 5 17 24 9 6 18 20 10 1 12 2 4 8 16 0

SNR -17.500
31 30 29 27 23 28 15 26 25 7 22 19 21 11 13 14 3 24 5 17 9 6 20 18 10 12 1 2 4 16 8 0

SNR -17.000
31 30 29 27 23 28 26 15 25 22 7 21 19 11 13 14 3 24 17 5 9 20 6 18 10 12 1 2 16 4 8 0

SNR -16.500
31 30 29 27 23 28 26 15 25 22 21 7 19 11 14 13 24 3 17 5 20 9 18 6 10 12 1 16 2 4 8 0

SNR -16.000
31 30 29 27 23 28 26 15 25 22 21 19 7 14 11 13 24 3 20 17 5 18 9 6 10 12 1 16 2 4 8 0

SNR -15.500
31 30 29 27 23 28 26 25 15 22 21 19 14 7 13 11 24 20 3 17 18 5 9 6 12 10 1 16 2 4 8 0

SNR -15.000
31 30 29 27 23 28 26 25 15 22 21 19 14 24 13 7 11 20 3 18 17 5 9 12 6 10 1 16 2 4 8 0

SNR -14.500
31 30 29 27 23 28 26 25 15 22 21 19 14 24 13 7 11 20 18 17 3 12 9 5 6 10 1 16 2 8 4 0

SNR -14.000
31 30 29 27 23 28 26 25 15 22 21 19 14 24 13 11 20 7 18 17 12 3 9 5 10 6 1 16 8 2 4 0

SNR -13.500
31 30 29 27 23 28 26 25 15 22 21 19 14 24 13 20 11 7 18 17 12 3 10 9 5 6 16 1 8 2 4 0

SNR -13.000
31 30 29 27 23 28 26 15 25 22 21 19 14 24 13 20 11 18 7 17 12 10 9 3 5 6 16 1 8 2 4 0

SNR -12.500
31 29 30 27 23 28 26 15 25 22 21 19 14 13 24 20 11 18 7 17 12 10 9 3 6 5 16 1 8 4 2 0

SNR -12.000
31 30 29 27 23 15 28 25 26 22 21 19 14 13 24 11 20 18 7 17 12 10 9 6 5 3 16 8 1 4 2 0

SNR -11.500
31 30 29 27 23 15 28 26 25 22 21 19 14 13 24 11 20 18 7 17 12 10 9 6 5 16 3 8 1 4 2 0

SNR -11.000
31 30 29 27 23 15 28 26 25 22 21 19 14 13 11 24 20 18 7 17 12 10 9 6 5 16 3 8 4 1 2 0

SNR -10.500
31 30 29 27 23 15 28 22 26 25 19 21 14 13 11 24 20 7 18 17 12 10 9 6 5 16 3 8 4 2 1 0

SNR -10.000
31 30 29 27 23 15 26 25 28 22 19 21 14 13 11 24 20 7 18 17 12 10 9 6 5 16 3 8 4 2 1 0

SNR -9.500
31 30 29 27 23 15 21 22 25 28 19 26 14 13 11 7 20 24 18 17 12 10 9 6 5 16 3 8 4 2 1 0

SNR -9.000
31 30 29 28 27 26 25 23 22 15 21 19 13 14 11 7 24 18 20 17 12 10 9 6 5 3 16 8 4 2 1 0

SNR -8.500
31 30 29 28 27 26 25 23 22 21 19 15 14 13 11 7 20 24 18 17 12 9 10 6 5 3 16 8 4 2 1 0

SNR -8.000
31 30 29 28 27 26 25 23 22 21 19 15 14 13 11 7 20 24 17 18 12 9 10 6 5 3 16 8 4 2 1 0

SNR -7.500
31 30 29 28 27 26 25 23 22 21 19 15 14 13 11 7 20 24 17 18 10 12 5 6 9 3 16 8 4 2 1 0

SNR -7.000
31 30 29 28 27 26 25 23 22 21 19 15 14 13 11 7 18 20 24 17 12 9 10 6 5 3 16 8 4 2 1 0

SNR -6.500
31 30 29 28 27 26 25 23 22 21 19 15 14 13 11 7 24 20 17 9 10 12 6 18 5 3 16 8 4 2 1 0

SNR -6.000
31 30 29 28 27 26 25 24 23 22 21 20 19 18 15 14 13 11 10 7 17 12 9 6 5 3 16 8 4 2 1 0

SNR -5.500
31 30 29 28 27 26 25 24 23 22 21 20 19 18 17 15 14 13 12 11 10 9 7 6 3 5 8 4 16 2 1 0

SNR -5.000
31 30 29 28 27 26 25 24 23 22 21 20 19 18 17 15 14 13 12 11 10 9 7 6 5 3 16 8 4 2 1 0

SNR -4.500
31 30 29 28 27 26 25 24 23 22 21 20 19 18 17 15 14 13 12 11 10 9 7 6 5 3 16 4 8 2 1 0

SNR -4.000
31 30 29 28 27 26 25 24 23 22 21 20 19 18 17 15 14 13 12 11 10 9 7 6 5 3 8 16 4 2 1 0

SNR -3.500
31 30 29 28 27 26 25 24 23 22 21 20 19 18 17 15 14 13 12 11 10 9 7 6 5 3 4 16 8 1 2 0

SNR -3.000
31 30 29 28 27 26 25 24 23 22 21 20 19 18 17 16 15 14 13 12 11 10 9 7 6 5 3 4 2 8 1 0

SNR -2.500
31 30 29 28 27 26 25 24 23 22 21 20 19 18 17 16 15 14 13 12 11 10 9 8 7 6 5 4 3 2 1 0

SNR -2.000
31 30 29 28 27 26 25 24 23 22 21 20 19 18 17 16 15 14 13 12 11 10 9 8 7 6 5 4 3 2 1 0

SNR -1.500
31 30 29 28 27 26 25 24 23 22 21 20 19 18 17 16 15 14 13 12 11 10 9 8 7 6 5 4 3 2 1 0

SNR -1.000
31 30 29 28 27 26 25 24 23 22 21 20 19 18 17 16 15 14 13 12 11 10 9 8 7 6 5 4 3 2 1 0

SNR -0.500
31 30 29 28 27 26 25 24 23 22 21 20 19 18 17 16 15 14 13 12 11 10 9 8 7 6 5 4 3 2 1 0

SNR 0.000
31 30 29 28 27 26 25 24 23 22 21 20 19 18 17 16 15 14 13 12 11 10 9 8 7 6 5 4 3 2 1 0

SNR 0.500
31 30 29 28 27 26 25 24 23 22 21 20 19 18 17 16 15 14 13 12 11 10 9 8 7 6 5 4 3 2 1 0

SNR 1.000
31 30 29 28 27 26 25 24 23 22 21 20 19 18 17 16 15 14 13 12 11 10 9 8 7 6 5 4 3 2 1 0

SNR 1.500
31 30 29 28 27 26 25 24 23 22 21 20 19 18 17 16 15 14 13 12 11 10 9 8 7 6 5 4 3 2 1 0

SNR 2.000
31 30 29 28 27 26 25 24 23 22 21 20 19 18 17 16 15 14 13 12 11 10 9 8 7 6 5 4 3 2 1 0

SNR 2.500
31 30 29 28 27 26 25 24 23 22 21 20 19 18 17 16 15 14 13 12 11 10 9 8 7 6 5 4 3 2 1 0

