SNR -2.000
63 62 61 60 59 58 57 55 54 53 51 47 46 45 43 31 30 29 27 39 56 23 15 44 50 52 41 42 49 28 38 26 25 37 35 22 21 14 19 13 48 11 40 36 34 24 7 33 20 18 12 17 10 9 6 32 5 3 16 8 4 2 1 0

SNR -1.500
63 62 61 60 59 58 57 55 54 53 51 47 46 45 43 39 31 30 29 27 23 15 56 52 49 50 44 42 28 38 41 26 37 25 22 35 21 19 14 13 48 11 40 36 7 24 34 33 20 18 12 17 10 9 6 32 5 3 16 8 4 2 1 0

SNR -1.000
63 62 61 60 59 58 57 55 54 53 51 47 46 45 43 39 31 30 29 27 23 15 52 49 56 42 44 50 38 37 28 35 22 41 26 21 19 13 25 11 14 48 40 36 7 24 34 33 20 18 12 17 10 9 6 5 32 3 16 8 4 2 1 0

SNR -0.500
63 62 61 60 59 58 57 55 54 53 51 47 46 45 43 39 31 30 29 27 23 15 56 50 44 52 49 28 38 42 41 26 35 37 14 25 22 21 19 13 11 48 40 7 24 36 34 20 33 18 17 12 10 9 6 5 32 3 16 8 4 2 1 0

SNR 0.000
63 62 61 60 59 58 57 55 54 53 51 50 47 46 45 43 39 31 30 29 27 23 15 56 52 49 41 42 28 44 37 35 25 26 38 22 19 21 13 14 11 7 40 48 24 36 34 33 20 18 12 17 10 9 6 5 3 32 16 8 4 2 1 0

SNR 0.500
63 62 61 60 59 58 57 56 55 54 53 52 51 49 47 46 45 44 43 42 41 39 31 30 29 28 27 23 15 38 37 25 50 26 35 22 21 14 13 11 19 7 48 40 24 34 36 18 33 20 17 12 10 9 6 5 3 32 16 8 4 2 1 0

SNR 1.000
63 62 61 60 59 58 57 56 55 54 53 52 51 50 49 47 46 45 44 43 42 41 39 38 37 35 31 30 29 28 27 26 25 23 22 15 21 14 13 19 11 7 40 48 24 34 36 20 18 33 9 12 10 6 17 5 3 32 16 8 4 2 1 0

SNR 1.500
63 62 61 60 59 58 57 56 55 54 53 52 51 50 49 47 46 45 44 43 42 41 39 38 37 35 31 30 29 28 27 26 25 23 22 21 19 15 14 13 11 7 40 36 24 48 34 12 33 10 20 9 17 18 5 6 3 32 16 8 4 2 1 0

SNR 2.000
63 62 61 60 59 58 57 56 55 54 53 52 51 50 49 47 46 45 44 43 42 41 39 38 37 35 31 30 29 28 27 26 25 23 22 21 19 15 14 13 11 7 48 40 24 36 20 12 10 34 17 6 33 18 5 3 9 32 16 8 4 2 1 0

SNR 2.500
63 62 61 60 59 58 57 56 55 54 53 52 51 50 49 47 46 45 44 43 42 41 39 38 37 35 31 30 29 28 27 26 25 23 22 21 19 15 14 13 11 7 48 40 34 36 20 18 24 12 17 10 33 9 5 6 3 32 8 16 4 2 1 0

SNR 3.000
63 62 61 60 59 58 57 56 55 54 53 52 51 50 49 48 47 46 45 44 43 42 41 39 38 37 35 31 30 29 28 27 26 25 23 22 21 19 15 14 13 11 7 40 24 34 20 12 36 18 33 17 10 9 5 6 3 32 16 8 4 2 1 0

SNR 3.500
63 62 61 60 59 58 57 56 55 54 53 52 51 50 49 48 47 46 45 44 43 42 41 40 39 38 37 36 35 31 30 29 28 27 26 25 23 22 21 19 15 14 13 11 7 24 33 18 17 12 10 5 34 20 9 3 6 16 8 4 32 2 1 0

SNR 4.000
63 62 61 60 59 58 57 56 55 54 53 52 51 50 49 48 47 46 45 44 43 42 41 40 39 38 37 36 35 34 31 30 29 28 27 26 25 24 23 22 21 20 19 18 17 15 14 13 12 11 10 7 6 33 9 3 5 32 16 4 8 2 1 0

SNR 4.500
63 62 61 60 59 58 57 56 55 54 53 52 51 50 49 48 47 46 45 44 43 42 41 40 39 38 37 36 35 34 33 31 30 29 28 27 26 25 24 23 22 21 20 19 18 17 15 14 13 12 11 10 9 7 6 5 3 16 4 8 32 2 1 0

SNR 5.000
63 62 61 60 59 58 57 56 55 54 53 52 51 50 49 48 47 46 45 44 43 42 41 40 39 38 37 36 35 34 33 31 30 29 28 27 26 25 24 23 22 21 20 19 18 17 15 14 13 12 11 10 9 7 6 5 3 16 32 4 8 2 1 0

SNR 5.500
63 62 61 60 59 58 57 56 55 54 53 52 51 50 49 48 47 46 45 44 43 42 41 40 39 38 37 36 35 34 33 31 30 29 28 27 26 25 24 23 22 21 20 19 18 17 15 14 13 12 11 10 9 7 6 5 3 16 32 2 4 1 8 0

SNR 6.000
63 62 61 60 59 58 57 56 55 54 53 52 51 50 49 48 47 46 45 44 43 42 41 40 39 38 37 36 35 34 33 32 31 30 29 28 27 26 25 24 23 22 21 20 19 18 17 15 14 13 12 11 10 9 7 6 5 3 16 8 4 2 1 0

SNR 6.500
63 62 61 60 59 58 57 56 55 54 53 52 51 50 49 48 47 46 45 44 43 42 41 40 39 38 37 36 35 34 33 31 30 29 28 27 26 25 24 23 22 21 20 19 18 17 16 15 14 13 12 11 10 9 7 6 5 3 8 32 4 2 1 0

SNR 7.000
63 62 61 60 59 58 57 56 55 54 53 52 51 50 49 48 47 46 45 44 43 42 41 40 39 38 37 36 35 34 33 32 31 30 29 28 27 26 25 24 23 22 21 20 19 18 17 16 15 14 13 12 11 10 9 8 7 6 5 3 2 1 4 0

SNR 7.500
63 62 61 60 59 58 57 56 55 54 53 52 51 50 49 48 47 46 45 44 43 42 41 40 39 38 37 36 35 34 33 32 31 30 29 28 27 26 25 24 23 22 21 20 19 18 17 16 15 14 13 12 11 10 9 8 7 6 5 4 3 2 1 0

SNR 8.000
63 62 61 60 59 58 57 56 55 54 53 52 51 50 49 48 47 46 45 44 43 42 41 40 39 38 37 36 35 34 33 32 31 30 29 28 27 26 25 24 23 22 21 20 19 18 17 16 15 14 13 12 11 10 9 8 7 6 5 4 3 2 1 0

