SNR -2.000
31 30 29 27 23 15 28 22 25 26 21 14 19 13 11 7 24 20 18 17 12 10 9 6 5 3 16 8 4 2 1 0

SNR -1.500
31 30 29 27 23 15 28 26 25 22 21 14 19 13 11 7 24 20 18 12 17 10 9 6 5 3 16 8 4 2 1 0

SNR -1.000
31 30 29 27 23 15 26 28 21 22 25 19 14 11 13 7 24 20 18 12 17 10 9 6 5 3 16 8 4 2 1 0

SNR -0.500
31 30 29 27 23 15 28 25 22 26 14 19 21 13 7 11 24 20 12 18 17 10 9 6 5 3 16 8 4 2 1 0

SNR 0.000
31 30 29 27 25 23 15 28 26 21 14 22 13 19 11 7 20 24 12 18 17 10 9 6 5 3 16 8 4 2 1 0

SNR 0.500
31 30 29 28 27 26 23 22 21 15 14 19 25 13 11 7 24 20 12 17 18 9 10 6 5 3 16 8 4 2 1 0

SNR 1.000
31 30 29 28 27 26 25 23 22 21 19 15 14 13 11 7 20 24 12 17 18 10 9 6 5 3 16 8 4 2 1 0

SNR 1.500
31 30 29 28 27 26 25 23 22 21 19 15 14 13 11 7 20 18 12 24 17 6 5 10 9 3 16 8 4 2 1 0

SNR 2.000
31 30 29 28 27 26 25 23 22 21 19 15 14 13 11 7 24 20 12 18 10 6 5 17 3 9 16 8 4 2 1 0

SNR 2.500
31 30 29 28 27 26 25 23 22 21 19 15 14 13 11 7 24 20 17 18 10 9 12 6 5 3 16 4 8 2 1 0

SNR 3.000
31 30 29 28 27 26 25 24 23 22 21 19 15 14 13 11 7 20 12 17 10 6 18 9 5 3 16 8 4 2 1 0

SNR 3.500
31 30 29 28 27 26 25 24 23 22 21 20 19 18 15 14 13 11 7 12 9 6 5 17 10 3 8 4 2 16 1 0

SNR 4.000
31 30 29 28 27 26 25 24 23 22 21 20 19 18 17 15 14 13 12 11 10 9 7 6 5 3 16 8 2 4 1 0

SNR 4.500
31 30 29 28 27 26 25 24 23 22 21 20 19 18 17 15 14 13 12 11 10 9 7 6 5 3 8 2 4 16 1 0

SNR 5.000
31 30 29 28 27 26 25 24 23 22 21 20 19 18 17 15 14 13 12 11 10 9 7 6 5 3 8 16 2 4 1 0

SNR 5.500
31 30 29 28 27 26 25 24 23 22 21 20 19 18 17 15 14 13 12 11 10 9 7 6 5 3 8 16 1 2 4 0

SNR 6.000
31 30 29 28 27 26 25 24 23 22 21 20 19 18 17 16 15 14 13 12 11 10 9 7 6 5 3 8 4 2 1 0

SNR 6.500
31 30 29 28 27 26 25 24 23 22 21 20 19 18 17 15 14 13 12 11 10 9 8 7 6 5 3 4 16 2 1 0

SNR 7.000
31 30 29 28 27 26 25 24 23 22 21 20 19 18 17 16 15 14 13 12 11 10 9 8 7 6 5 4 3 1 2 0

SNR 7.500
31 30 29 28 27 26 25 24 23 22 21 20 19 18 17 16 15 14 13 12 11 10 9 8 7 6 5 4 3 2 1 0

SNR 8.000
31 30 29 28 27 26 25 24 23 22 21 20 19 18 17 16 15 14 13 12 11 10 9 8 7 6 5 4 3 2 1 0

