SNR -2.000
7 6 5 3 4 2 1 0

SNR -1.500
7 6 5 3 4 2 1 0

SNR -1.000
7 6 5 3 4 2 1 0

SNR -0.500
7 6 5 3 4 2 1 0

SNR 0.000
7 5 6 3 4 2 1 0

SNR 0.500
7 6 5 3 4 2 1 0

SNR 1.000
7 5 6 3 4 2 1 0

SNR 1.500
7 5 3 6 4 2 1 0

SNR 2.000
7 6 5 3 4 2 1 0

SNR 2.500
7 6 5 3 4 1 2 0

SNR 3.000
7 6 5 3 4 2 1 0

SNR 3.500
7 6 5 3 2 1 4 0

SNR 4.000
7 6 5 3 4 2 1 0

SNR 4.500
7 6 5 3 2 1 4 0

SNR 5.000
7 6 5 3 2 4 1 0

SNR 5.500
7 6 5 3 2 4 1 0

SNR 6.000
7 6 5 4 3 2 1 0

SNR 6.500
7 6 5 3 2 1 4 0

SNR 7.000
7 6 5 4 3 2 1 0

SNR 7.500
7 6 5 4 3 2 1 0

SNR 8.000
7 6 5 4 3 2 1 0

