SNR -2.000
127 126 125 124 123 122 121 120 119 118 117 116 115 114 113 111 110 109 108 107 106 105 103 102 101 99 95 94 93 92 91 90 89 87 86 85 83 79 63 62 61 60 59 55 47 31 58 54 57 77 53 75 51 45 78 43 71 112 39 46 30 88 100 104 29 82 84 98 27 56 76 97 81 52 50 74 70 23 73 69 44 49 42 15 41 67 28 38 37 26 96 35 25 22 80 72 21 68 48 19 14 66 40 13 65 36 24 11 34 33 20 7 18 12 17 64 10 9 32 6 5 3 16 8 4 2 1 0

SNR -1.500
127 126 125 124 123 122 121 120 119 118 117 116 115 114 113 111 110 109 108 107 106 105 103 102 101 99 95 94 93 92 91 90 89 87 86 85 79 78 77 63 62 61 60 59 58 57 55 54 47 31 75 83 53 46 71 45 51 43 30 27 112 29 104 98 100 88 23 39 84 56 97 76 82 15 52 73 81 74 50 44 69 70 41 42 38 67 49 28 37 26 25 35 96 22 80 21 72 14 19 48 68 13 66 40 65 36 11 24 34 33 20 7 18 12 17 64 10 9 6 32 5 3 16 8 4 2 1 0

SNR -1.000
127 126 125 124 123 122 121 120 119 118 117 116 115 114 113 111 110 109 108 107 106 105 103 102 101 99 95 94 93 92 91 90 89 87 86 85 83 79 78 77 75 71 63 62 61 60 59 58 57 55 54 53 51 47 46 45 31 43 30 27 39 29 104 98 112 84 88 100 23 76 81 97 74 56 70 44 82 73 52 42 69 15 38 67 37 41 26 50 22 25 28 49 35 21 96 80 19 72 14 48 13 68 66 40 11 65 36 24 34 7 20 33 18 12 17 10 64 9 6 32 5 3 16 8 4 2 1 0

SNR -0.500
127 126 125 124 123 122 121 120 119 118 117 116 115 114 113 111 110 109 108 107 106 105 103 102 101 99 95 94 93 92 91 90 89 87 86 85 83 79 78 77 75 71 63 62 61 60 59 58 57 55 54 53 51 47 46 45 43 39 31 30 29 27 112 23 100 88 104 97 98 56 76 15 84 81 73 82 52 70 74 49 28 50 69 41 44 37 42 38 67 26 35 25 22 21 96 19 80 14 13 48 72 68 11 40 66 36 65 7 34 24 20 33 18 12 17 10 9 64 6 32 5 3 16 8 4 2 1 0

SNR 0.000
127 126 125 124 123 122 121 120 119 118 117 116 115 114 113 111 110 109 108 107 106 105 103 102 101 100 99 95 94 93 92 91 90 89 87 86 85 83 79 78 77 75 71 63 62 61 60 59 58 57 55 54 53 51 47 46 45 43 39 31 30 29 27 23 112 104 15 98 82 84 56 81 88 74 70 50 52 76 97 44 73 69 38 41 42 26 67 35 28 49 22 37 25 21 14 80 96 19 48 13 11 72 68 66 40 65 7 36 24 34 20 33 18 17 12 10 9 6 64 5 32 3 16 8 4 2 1 0

SNR 0.500
127 126 125 124 123 122 121 120 119 118 117 116 115 114 113 112 111 110 109 108 107 106 105 104 103 102 101 99 98 95 94 93 92 91 90 89 88 87 86 85 84 83 82 79 78 77 75 71 63 62 61 60 59 58 57 56 55 54 53 51 47 46 45 43 39 31 30 29 27 23 15 97 76 73 74 50 100 81 49 52 69 70 44 42 28 41 35 25 26 22 38 67 21 14 37 96 13 19 11 80 7 48 68 72 65 36 66 40 34 24 33 20 18 12 17 10 9 6 5 64 3 32 16 8 4 2 1 0

SNR 1.000
127 126 125 124 123 122 121 120 119 118 117 116 115 114 113 112 111 110 109 108 107 106 105 104 103 102 101 100 99 98 97 95 94 93 92 91 90 89 88 87 86 85 84 83 82 81 79 78 77 76 75 74 73 71 70 69 63 62 61 60 59 58 57 56 55 54 53 52 51 50 49 47 46 45 44 43 39 31 30 29 27 23 15 41 42 37 28 26 38 67 35 22 25 21 19 13 14 7 80 96 48 68 72 40 36 66 33 18 24 11 20 12 65 17 34 9 10 6 5 3 64 32 16 8 4 2 1 0

SNR 1.500
127 126 125 124 123 122 121 120 119 118 117 116 115 114 113 112 111 110 109 108 107 106 105 104 103 102 101 100 99 98 97 95 94 93 92 91 90 89 88 87 86 85 84 83 82 81 79 78 77 76 75 74 73 71 70 69 67 63 62 61 60 59 58 57 56 55 54 53 52 51 50 49 47 46 45 44 43 42 41 39 38 37 35 31 30 29 28 27 26 25 23 15 21 22 19 13 14 11 80 72 48 96 7 65 68 24 66 20 33 40 18 34 36 17 10 12 9 5 6 3 64 32 16 8 4 2 1 0

SNR 2.000
127 126 125 124 123 122 121 120 119 118 117 116 115 114 113 112 111 110 109 108 107 106 105 104 103 102 101 100 99 98 97 95 94 93 92 91 90 89 88 87 86 85 84 83 82 81 79 78 77 76 75 74 73 71 70 69 67 63 62 61 60 59 58 57 56 55 54 53 52 51 50 49 47 46 45 44 43 42 41 39 38 37 35 31 30 29 28 27 26 25 23 22 21 19 15 14 13 11 7 96 80 48 72 40 24 20 68 33 34 12 66 65 36 9 10 17 6 18 5 3 64 32 16 8 4 2 1 0

SNR 2.500
127 126 125 124 123 122 121 120 119 118 117 116 115 114 113 112 111 110 109 108 107 106 105 104 103 102 101 100 99 98 97 95 94 93 92 91 90 89 88 87 86 85 84 83 82 81 79 78 77 76 75 74 73 71 70 69 67 63 62 61 60 59 58 57 56 55 54 53 52 51 50 49 47 46 45 44 43 42 41 39 38 37 35 31 30 29 28 27 26 25 23 22 21 19 15 14 13 11 7 96 80 68 65 72 40 36 48 24 34 17 20 33 66 18 10 12 9 6 5 3 64 16 32 8 4 2 1 0

SNR 3.000
127 126 125 124 123 122 121 120 119 118 117 116 115 114 113 112 111 110 109 108 107 106 105 104 103 102 101 100 99 98 97 96 95 94 93 92 91 90 89 88 87 86 85 84 83 82 81 79 78 77 76 75 74 73 71 70 69 67 63 62 61 60 59 58 57 56 55 54 53 52 51 50 49 47 46 45 44 43 42 41 39 38 37 35 31 30 29 28 27 26 25 23 22 21 19 15 14 13 11 7 80 48 68 40 65 24 72 36 66 34 20 18 10 33 17 9 12 6 3 5 64 32 16 8 4 2 1 0

SNR 3.500
127 126 125 124 123 122 121 120 119 118 117 116 115 114 113 112 111 110 109 108 107 106 105 104 103 102 101 100 99 98 97 96 95 94 93 92 91 90 89 88 87 86 85 84 83 82 81 80 79 78 77 76 75 74 73 72 71 70 69 67 63 62 61 60 59 58 57 56 55 54 53 52 51 50 49 47 46 45 44 43 42 41 39 38 37 35 31 30 29 28 27 26 25 23 22 21 19 15 14 13 11 7 48 66 36 34 24 33 20 65 10 68 9 40 18 17 6 12 5 3 32 16 8 64 4 2 1 0

SNR 4.000
127 126 125 124 123 122 121 120 119 118 117 116 115 114 113 112 111 110 109 108 107 106 105 104 103 102 101 100 99 98 97 96 95 94 93 92 91 90 89 88 87 86 85 84 83 82 81 80 79 78 77 76 75 74 73 72 71 70 69 68 67 65 63 62 61 60 59 58 57 56 55 54 53 52 51 50 49 48 47 46 45 44 43 42 41 40 39 38 37 36 35 34 33 31 30 29 28 27 26 25 24 23 22 21 20 19 15 14 13 11 7 9 12 66 17 5 18 3 6 10 64 32 8 16 1 4 2 0

SNR 4.500
127 126 125 124 123 122 121 120 119 118 117 116 115 114 113 112 111 110 109 108 107 106 105 104 103 102 101 100 99 98 97 96 95 94 93 92 91 90 89 88 87 86 85 84 83 82 81 80 79 78 77 76 75 74 73 72 71 70 69 68 67 66 65 63 62 61 60 59 58 57 56 55 54 53 52 51 50 49 48 47 46 45 44 43 42 41 40 39 38 37 36 35 34 31 30 29 28 27 26 25 24 23 22 21 20 19 18 17 15 14 13 12 11 10 9 7 6 5 33 3 32 8 16 64 4 2 1 0

SNR 5.000
127 126 125 124 123 122 121 120 119 118 117 116 115 114 113 112 111 110 109 108 107 106 105 104 103 102 101 100 99 98 97 96 95 94 93 92 91 90 89 88 87 86 85 84 83 82 81 80 79 78 77 76 75 74 73 72 71 70 69 68 67 66 65 63 62 61 60 59 58 57 56 55 54 53 52 51 50 49 48 47 46 45 44 43 42 41 40 39 38 37 36 35 34 33 31 30 29 28 27 26 25 24 23 22 21 20 19 18 17 15 14 13 12 11 10 9 7 6 5 3 32 64 8 16 4 2 1 0

SNR 5.500
127 126 125 124 123 122 121 120 119 118 117 116 115 114 113 112 111 110 109 108 107 106 105 104 103 102 101 100 99 98 97 96 95 94 93 92 91 90 89 88 87 86 85 84 83 82 81 80 79 78 77 76 75 74 73 72 71 70 69 68 67 66 65 63 62 61 60 59 58 57 56 55 54 53 52 51 50 49 48 47 46 45 44 43 42 41 40 39 38 37 36 35 34 33 31 30 29 28 27 26 25 24 23 22 21 20 19 18 17 15 14 13 12 11 10 9 7 6 5 3 32 64 4 8 2 16 1 0

SNR 6.000
127 126 125 124 123 122 121 120 119 118 117 116 115 114 113 112 111 110 109 108 107 106 105 104 103 102 101 100 99 98 97 96 95 94 93 92 91 90 89 88 87 86 85 84 83 82 81 80 79 78 77 76 75 74 73 72 71 70 69 68 67 66 65 64 63 62 61 60 59 58 57 56 55 54 53 52 51 50 49 48 47 46 45 44 43 42 41 40 39 38 37 36 35 34 33 31 30 29 28 27 26 25 24 23 22 21 20 19 18 17 15 14 13 12 11 10 9 7 6 5 3 32 16 8 4 2 1 0

SNR 6.500
127 126 125 124 123 122 121 120 119 118 117 116 115 114 113 112 111 110 109 108 107 106 105 104 103 102 101 100 99 98 97 96 95 94 93 92 91 90 89 88 87 86 85 84 83 82 81 80 79 78 77 76 75 74 73 72 71 70 69 68 67 66 65 63 62 61 60 59 58 57 56 55 54 53 52 51 50 49 48 47 46 45 44 43 42 41 40 39 38 37 36 35 34 33 32 31 30 29 28 27 26 25 24 23 22 21 20 19 18 17 15 14 13 12 11 10 9 7 6 5 3 16 64 8 4 1 2 0

SNR 7.000
127 126 125 124 123 122 121 120 119 118 117 116 115 114 113 112 111 110 109 108 107 106 105 104 103 102 101 100 99 98 97 96 95 94 93 92 91 90 89 88 87 86 85 84 83 82 81 80 79 78 77 76 75 74 73 72 71 70 69 68 67 66 65 64 63 62 61 60 59 58 57 56 55 54 53 52 51 50 49 48 47 46 45 44 43 42 41 40 39 38 37 36 35 34 33 32 31 30 29 28 27 26 25 24 23 22 21 20 19 18 17 16 15 14 13 12 11 10 9 7 6 5 4 3 1 2 8 0

SNR 7.500
127 126 125 124 123 122 121 120 119 118 117 116 115 114 113 112 111 110 109 108 107 106 105 104 103 102 101 100 99 98 97 96 95 94 93 92 91 90 89 88 87 86 85 84 83 82 81 80 79 78 77 76 75 74 73 72 71 70 69 68 67 66 65 64 63 62 61 60 59 58 57 56 55 54 53 52 51 50 49 48 47 46 45 44 43 42 41 40 39 38 37 36 35 34 33 32 31 30 29 28 27 26 25 24 23 22 21 20 19 18 17 16 15 14 13 12 11 10 9 8 7 6 5 4 3 2 1 0

SNR 8.000
127 126 125 124 123 122 121 120 119 118 117 116 115 114 113 112 111 110 109 108 107 106 105 104 103 102 101 100 99 98 97 96 95 94 93 92 91 90 89 88 87 86 85 84 83 82 81 80 79 78 77 76 75 74 73 72 71 70 69 68 67 66 65 64 63 62 61 60 59 58 57 56 55 54 53 52 51 50 49 48 47 46 45 44 43 42 41 40 39 38 37 36 35 34 33 32 31 30 29 28 27 26 25 24 23 22 21 20 19 18 17 16 15 14 13 12 11 10 9 8 7 6 5 4 3 2 1 0

