SNR -22.000
127 126 125 123 119 124 111 95 63 122 121 118 117 115 110 109 107 103 94 91 87 93 79 61 62 47 55 31 59 120 116 114 113 106 108 105 102 101 90 85 86 89 92 83 99 53 78 77 54 43 45 58 75 51 46 39 60 57 30 27 23 29 71 15 112 100 84 104 42 82 41 44 52 76 74 26 73 50 38 37 25 21 88 81 28 22 19 98 49 35 70 56 69 13 97 14 11 67 7 20 36 40 18 24 72 17 12 34 68 10 9 80 48 33 6 66 5 96 65 3 8 16 4 32 2 64 1 0

SNR -21.500
127 126 125 123 119 124 111 95 63 122 121 118 117 115 110 109 107 103 94 93 91 87 79 62 61 55 47 59 31 120 116 114 113 106 105 108 102 101 90 86 85 89 83 92 99 78 53 43 77 54 58 51 45 39 75 46 57 60 30 23 27 29 71 15 112 100 84 104 42 82 41 52 44 76 74 38 50 37 26 73 25 98 21 28 88 81 22 19 35 49 56 70 69 97 14 13 11 67 7 20 36 40 18 24 72 17 12 34 10 68 9 80 33 48 6 66 96 5 65 3 8 16 4 32 2 64 1 0

SNR -21.000
127 126 125 123 119 124 111 122 95 63 121 118 117 115 110 109 107 103 94 93 91 87 79 62 55 61 47 59 31 120 116 114 113 106 108 105 102 101 90 85 86 99 83 92 89 77 78 53 54 58 75 43 46 45 39 51 57 60 30 27 29 23 71 15 112 100 104 84 76 42 82 41 74 44 52 98 73 26 38 37 50 28 21 25 81 22 88 19 49 35 56 70 97 69 13 14 11 67 7 20 36 40 18 24 72 12 34 17 68 10 9 80 33 48 6 66 96 5 65 3 8 16 4 32 2 64 1 0

SNR -20.500
127 126 125 123 119 124 122 111 95 121 63 118 117 115 110 109 107 103 94 93 91 87 79 61 62 55 47 59 31 120 116 114 113 108 106 105 102 101 90 85 86 99 89 83 92 78 77 53 58 54 43 45 75 46 51 39 57 30 60 29 27 71 23 15 112 100 104 84 42 82 76 52 41 74 98 44 26 73 88 50 38 25 37 21 81 28 22 19 49 70 97 35 56 69 13 14 11 67 7 20 36 40 18 72 24 12 17 68 10 34 9 80 48 33 66 96 6 5 65 3 8 16 4 32 2 64 1 0

SNR -20.000
127 126 125 123 119 124 122 111 121 95 63 118 117 115 110 109 107 103 94 93 87 91 79 120 61 62 47 59 55 31 116 114 113 108 106 105 102 101 99 90 86 85 92 89 83 78 77 75 58 43 45 54 53 46 51 39 60 57 30 29 71 27 23 15 112 100 104 84 98 82 76 74 42 41 44 73 52 88 50 38 37 81 26 25 28 21 22 97 19 70 35 49 69 56 13 14 11 67 7 36 20 40 72 18 24 68 34 12 17 10 80 9 33 48 96 66 6 5 65 3 8 16 4 32 2 64 1 0

SNR -19.500
127 126 125 123 119 124 122 111 121 118 95 63 117 115 110 109 107 120 103 94 93 91 87 79 61 62 47 59 55 31 116 114 113 108 106 105 102 101 99 92 90 86 85 89 83 78 77 75 58 45 43 46 54 53 39 60 57 51 30 27 29 71 23 15 112 100 104 98 84 82 76 74 42 44 41 73 52 38 88 37 81 50 97 26 25 21 22 28 19 70 35 49 56 69 14 13 11 67 7 20 36 40 72 18 24 17 12 68 34 10 80 9 33 48 96 66 6 5 65 3 8 16 4 32 2 64 1 0

SNR -19.000
127 125 126 123 119 124 122 111 121 118 95 117 63 115 110 120 109 107 103 94 93 91 87 79 61 47 62 55 59 31 116 114 113 108 106 105 102 101 99 90 92 86 85 89 83 78 77 75 54 53 58 46 45 43 51 39 30 60 57 71 29 27 23 15 112 104 100 98 84 82 76 74 97 42 52 44 73 41 88 81 50 26 38 37 25 28 21 22 70 19 49 69 35 56 14 13 11 67 7 20 36 40 18 72 24 68 12 17 34 80 10 96 9 48 33 66 6 5 65 3 8 16 4 32 2 64 1 0

SNR -18.500
127 126 125 123 119 124 122 121 111 118 117 95 63 115 110 120 109 107 103 94 93 91 87 79 116 62 47 61 59 31 55 114 113 108 106 105 102 101 99 92 90 86 85 89 83 78 77 75 58 54 53 46 45 43 51 57 39 71 30 29 60 27 23 15 112 104 100 98 84 82 97 76 74 42 73 52 44 41 88 81 26 50 38 37 28 25 22 21 70 19 69 35 49 56 14 13 11 67 7 20 36 72 40 18 24 68 17 34 12 80 96 10 9 33 48 66 6 5 65 3 8 16 4 32 2 64 1 0

SNR -18.000
127 126 125 123 119 124 122 121 111 118 117 95 115 63 110 120 109 107 103 94 116 93 91 87 79 61 62 47 59 31 55 114 113 108 106 105 102 101 99 92 90 86 85 89 83 78 77 75 58 54 53 45 43 46 71 39 60 51 57 30 27 29 23 15 112 104 100 98 84 97 82 74 76 88 73 81 42 41 44 52 26 38 50 37 28 70 21 25 22 69 19 35 49 56 14 13 67 11 7 72 36 20 40 18 68 96 24 80 34 17 12 10 9 33 48 66 6 65 5 3 16 8 4 32 2 64 1 0

SNR -17.500
127 126 123 125 119 124 122 111 121 118 117 95 115 110 120 63 109 107 116 94 103 93 91 87 79 114 62 61 47 59 55 31 113 108 106 105 102 101 99 92 90 86 89 85 83 78 77 75 58 53 43 54 46 71 45 60 51 39 57 30 29 27 23 15 112 104 100 98 97 84 82 76 74 88 73 81 42 41 52 44 38 70 26 37 50 28 25 69 22 21 19 49 35 56 14 13 67 11 7 96 72 36 20 40 68 18 80 24 12 34 17 10 9 66 33 48 6 5 65 3 8 16 4 32 2 64 1 0

SNR -17.000
127 126 123 125 119 124 122 111 121 118 117 95 115 110 120 109 63 116 107 94 103 114 93 91 87 79 62 61 113 59 55 31 47 108 106 105 102 101 99 92 90 89 85 86 83 78 77 75 58 71 54 60 53 43 45 46 57 51 39 30 29 27 23 112 15 104 100 98 97 84 88 82 74 76 73 81 42 70 52 41 44 50 26 38 69 37 28 25 21 22 19 49 56 35 67 14 13 11 7 96 72 20 36 68 40 80 24 18 12 17 34 10 9 66 48 33 6 65 5 3 8 16 4 32 64 2 1 0

SNR -16.500
127 126 125 123 119 124 122 111 121 118 117 115 95 110 109 120 63 116 107 94 114 103 93 113 91 108 87 62 79 61 59 55 47 31 106 105 102 101 92 99 90 89 86 85 112 83 78 77 75 71 60 58 54 53 43 45 46 57 51 39 30 29 27 23 15 104 100 98 97 88 84 82 74 76 73 81 42 70 44 41 52 69 38 50 26 37 28 22 25 21 19 49 35 56 67 14 13 11 7 96 72 36 68 20 40 80 18 24 12 34 17 10 9 66 33 48 65 6 5 3 8 16 4 32 64 2 1 0

SNR -16.000
127 126 125 123 119 124 122 111 121 118 117 115 95 110 109 120 107 116 63 94 114 103 93 113 108 91 87 62 79 61 106 59 47 55 31 105 102 101 92 99 112 90 89 86 85 83 77 78 75 71 60 58 54 53 57 45 43 46 51 30 39 27 29 23 15 104 100 98 97 88 84 82 74 76 81 73 70 42 69 52 41 44 26 38 50 28 37 25 22 21 56 67 19 49 35 14 13 11 7 96 72 68 80 20 40 36 18 24 12 17 66 34 10 9 48 33 65 6 5 3 16 8 4 32 64 2 1 0

SNR -15.500
127 126 125 123 119 111 124 121 122 118 117 115 95 110 109 120 107 116 63 114 94 103 93 113 108 91 106 87 62 79 61 105 59 55 47 31 102 92 101 99 112 90 89 86 85 83 78 77 75 60 71 58 54 57 45 53 46 51 43 39 30 29 27 23 104 15 100 98 97 88 84 82 76 74 81 73 70 69 42 52 44 50 41 26 38 28 37 22 67 21 25 56 49 19 35 14 13 11 7 96 72 80 68 20 36 40 18 24 66 12 17 34 10 9 48 33 65 6 5 3 8 16 4 32 64 2 1 0

SNR -15.000
127 126 125 123 119 111 122 121 124 118 117 115 95 110 109 120 107 116 94 63 114 103 93 113 108 91 106 87 62 105 79 61 102 59 55 47 31 92 101 112 99 90 89 86 85 83 78 104 77 75 60 71 58 57 53 54 45 46 43 51 30 39 29 27 23 15 100 98 97 88 84 82 81 74 76 73 70 69 42 52 44 67 50 41 38 26 56 37 28 25 21 22 49 19 35 14 13 11 7 96 80 72 68 20 36 66 40 18 24 12 34 17 10 65 9 48 33 6 5 3 8 16 4 64 32 2 1 0

SNR -14.500
127 126 125 123 119 111 124 122 121 118 115 95 117 110 109 107 120 116 114 94 103 63 93 113 108 91 106 105 62 87 102 61 79 92 101 59 112 55 47 31 90 99 89 86 104 85 83 60 78 77 75 71 58 57 54 53 51 45 43 46 39 30 100 29 27 23 15 98 97 88 84 82 81 74 76 73 70 69 52 67 56 42 50 44 38 41 26 37 28 22 21 25 49 19 35 14 13 11 7 96 80 72 68 66 36 20 40 18 24 12 65 34 17 10 48 9 33 6 5 3 8 16 64 4 32 2 1 0

SNR -14.000
127 126 125 123 119 111 122 124 121 118 95 117 115 109 110 107 120 116 103 94 114 63 93 113 108 91 106 105 87 62 102 92 61 101 79 112 59 90 55 99 47 31 89 104 86 85 60 83 78 77 100 75 58 71 57 54 53 51 45 46 43 39 29 30 27 23 98 15 97 88 84 82 81 76 74 73 70 69 56 67 52 50 42 44 41 38 26 37 49 22 28 25 21 19 35 14 13 11 7 96 80 72 68 66 36 20 40 65 18 24 34 12 17 10 48 9 33 6 5 3 8 16 64 4 32 2 1 0

SNR -13.500
127 126 125 123 119 111 124 121 122 118 117 95 115 110 109 107 120 103 116 94 93 63 114 113 108 91 106 105 87 102 62 92 101 61 79 112 90 99 59 89 55 104 86 47 31 85 60 83 100 78 77 58 75 57 71 98 54 53 51 88 43 45 46 97 39 29 30 27 23 15 84 82 81 76 74 73 70 69 56 67 52 50 42 44 41 49 38 37 26 22 28 25 21 96 19 35 14 13 11 7 80 72 68 66 65 36 20 40 18 24 34 48 12 17 10 9 33 6 5 3 64 8 16 4 32 2 1 0

SNR -13.000
127 126 125 123 119 111 95 124 121 117 122 115 118 110 109 107 103 94 120 63 93 116 114 91 113 108 106 105 87 102 62 101 92 61 90 79 112 99 59 89 104 86 55 85 47 31 60 100 83 78 58 77 98 57 75 88 71 97 54 53 51 46 45 43 39 27 29 30 23 84 15 82 81 76 74 73 56 70 69 67 52 96 50 49 42 44 41 38 37 26 22 21 25 28 35 19 14 13 11 7 80 72 68 66 65 36 20 40 48 18 34 24 12 10 17 9 33 6 5 3 64 8 16 4 32 2 1 0

SNR -12.500
127 126 125 124 123 122 121 119 118 117 111 95 115 109 110 107 103 94 63 120 93 91 116 114 113 108 106 105 87 102 62 101 92 61 90 79 99 89 59 112 86 104 85 55 100 60 47 83 78 31 58 98 77 88 57 75 97 54 71 53 84 51 46 45 43 39 30 29 27 23 15 82 81 76 56 74 73 70 96 69 67 52 50 49 42 44 41 38 37 26 22 35 28 21 25 19 14 13 11 7 80 72 68 66 65 48 36 40 20 34 18 24 12 17 10 33 9 6 5 3 64 8 16 32 4 2 1 0

SNR -12.000
127 126 125 124 123 122 121 119 118 117 111 95 109 115 107 110 103 63 94 91 120 93 114 116 113 108 106 87 105 102 62 101 92 61 90 79 99 89 59 112 86 85 104 55 100 60 83 78 47 58 98 77 88 31 57 97 75 54 84 71 53 51 82 46 45 43 39 81 30 29 27 23 76 15 56 74 96 73 70 69 52 67 50 49 44 42 41 38 37 26 35 22 28 21 25 80 19 14 13 11 7 72 68 66 65 48 36 40 20 34 18 24 12 33 10 17 9 6 5 3 64 8 16 32 4 2 1 0

SNR -11.500
127 126 125 124 123 122 121 119 118 117 115 111 110 109 107 103 95 63 94 93 91 120 87 114 116 108 105 106 113 62 102 101 61 79 92 99 90 59 89 86 85 112 55 104 83 60 100 78 58 77 98 47 88 57 97 75 31 54 84 53 71 82 51 46 81 76 45 43 39 56 30 29 27 23 74 15 96 73 52 70 69 67 50 49 44 80 42 41 38 37 35 26 28 22 25 21 19 14 13 11 7 72 68 66 65 48 40 36 34 20 18 24 33 12 10 17 9 6 5 3 64 32 8 16 4 2 1 0

SNR -11.000
127 126 125 124 123 122 121 119 118 117 115 111 110 109 107 103 95 94 63 93 91 87 120 116 113 114 108 102 106 101 62 105 79 61 99 59 92 90 89 86 85 55 112 83 104 78 60 100 77 58 47 98 57 88 75 97 54 84 31 53 82 71 51 46 81 76 45 56 74 43 30 96 39 29 73 27 52 23 15 70 69 50 67 49 80 44 42 41 38 37 35 28 26 25 22 72 21 19 14 13 11 7 68 66 65 48 40 36 34 33 20 18 24 12 10 17 9 6 5 3 64 32 8 16 4 2 1 0

SNR -10.500
127 126 125 124 123 122 121 119 118 117 115 111 110 109 107 103 95 94 93 91 63 87 120 62 113 79 116 102 61 101 108 106 105 59 114 90 92 99 89 86 55 85 83 112 78 60 77 104 47 100 58 98 57 75 88 54 97 84 53 31 82 71 51 46 81 76 45 56 74 43 30 73 96 52 39 29 70 27 50 23 69 15 80 49 44 67 42 41 72 38 37 28 35 26 25 22 21 19 14 13 11 68 7 48 66 65 40 36 34 33 24 20 18 12 10 17 9 6 5 3 64 32 8 16 4 2 1 0

SNR -10.000
127 126 125 124 123 122 121 119 118 117 115 111 110 109 107 103 95 94 93 91 87 63 62 120 61 116 79 108 114 106 102 113 105 55 59 101 99 90 86 92 89 85 83 47 77 78 60 104 58 112 57 75 100 98 54 88 53 97 84 31 71 82 51 46 81 76 45 74 56 43 73 52 30 96 70 39 50 29 69 27 49 44 80 23 67 15 42 41 72 38 28 37 35 26 68 25 21 22 48 19 14 13 11 66 7 65 40 36 34 33 24 20 18 17 12 10 9 6 5 3 64 32 16 8 4 2 1 0

SNR -9.500
127 126 125 124 123 122 121 120 119 118 117 116 115 114 113 111 110 109 107 103 95 94 93 91 87 79 63 62 61 59 108 105 55 101 92 106 90 99 89 102 86 85 47 83 77 78 60 75 57 112 58 104 54 98 100 53 88 97 31 71 84 51 46 82 45 81 76 74 43 56 73 52 30 70 39 96 50 29 69 44 49 27 80 67 42 23 72 41 15 38 28 37 68 35 26 48 25 22 66 21 19 14 13 65 11 7 40 36 34 33 24 20 18 17 12 10 9 64 6 5 3 32 16 8 4 2 1 0

SNR -9.000
127 126 125 124 123 122 121 120 119 118 117 116 115 113 111 110 109 108 107 106 105 103 102 95 94 93 91 87 79 63 62 61 59 55 90 114 92 101 99 89 85 47 86 83 78 58 60 77 75 31 71 104 57 100 53 112 98 54 97 51 84 46 88 82 45 81 76 43 74 56 73 30 52 39 70 29 50 69 96 49 44 27 42 80 67 41 23 72 38 28 15 37 68 26 48 35 25 66 22 40 21 65 19 14 13 11 7 36 34 24 33 20 64 18 17 12 10 9 6 5 3 32 16 8 4 2 1 0

SNR -8.500
127 126 125 124 123 122 121 120 119 118 117 116 115 114 113 111 110 109 108 107 106 105 103 102 101 99 95 94 93 92 91 90 89 87 85 83 79 63 62 61 59 55 47 86 78 31 77 60 75 58 57 54 51 53 104 71 112 45 100 46 88 97 43 84 81 98 82 74 76 39 30 73 56 52 29 70 50 69 27 49 44 96 42 67 80 41 23 38 72 28 37 15 68 26 48 35 25 66 22 40 21 65 19 14 36 13 11 7 34 24 33 20 64 18 17 12 10 9 6 5 3 32 16 8 4 2 1 0

SNR -8.000
127 126 125 124 123 122 121 120 119 118 117 116 115 114 113 111 110 109 108 107 106 105 103 102 101 99 95 94 93 92 91 90 89 87 86 85 83 79 78 63 62 61 60 59 55 47 31 75 58 54 53 77 71 51 57 46 45 43 104 112 100 98 88 30 82 81 97 39 84 76 74 29 73 70 56 52 27 69 50 49 44 67 42 23 41 96 38 80 28 37 72 26 15 68 35 25 48 22 66 40 21 65 36 19 14 13 34 24 11 33 7 20 64 18 17 12 10 9 6 5 32 3 16 8 4 2 1 0

SNR -7.500
127 126 125 124 123 122 121 120 119 118 117 116 115 114 113 111 110 109 108 107 106 105 103 102 101 99 95 94 93 92 91 90 89 87 86 85 83 79 78 77 75 71 63 62 61 60 59 58 57 55 54 51 47 46 31 53 45 43 100 112 39 88 30 98 29 76 81 84 97 104 82 27 73 74 56 69 50 70 44 52 49 42 23 41 67 38 96 28 37 80 15 26 72 35 25 68 22 48 66 21 40 65 36 19 14 13 34 24 33 11 20 7 18 64 17 12 10 9 32 6 5 3 16 8 4 2 1 0

SNR -7.000
127 126 125 124 123 122 121 120 119 118 117 116 115 114 113 111 110 109 108 107 106 105 103 102 101 99 95 94 93 92 91 90 89 87 86 85 83 79 78 77 75 71 63 62 61 60 59 58 57 55 54 53 51 47 46 45 43 31 30 39 29 112 100 104 27 88 98 23 82 76 84 97 74 81 70 56 73 69 52 50 42 44 67 49 41 38 15 37 28 26 96 35 25 80 22 72 21 68 48 66 40 19 65 14 36 13 34 24 33 11 20 7 18 64 17 12 10 32 9 6 5 3 16 8 4 2 1 0

SNR -6.500
127 126 125 124 123 122 121 120 119 118 117 116 115 114 113 111 110 109 108 107 106 105 103 102 101 99 95 94 93 92 91 90 89 87 86 85 83 79 78 77 75 71 63 62 61 60 59 58 57 55 54 53 51 47 46 45 43 39 31 30 29 27 23 100 97 112 84 98 104 82 88 81 56 70 76 52 50 15 44 74 73 49 41 67 69 38 37 42 28 26 25 35 21 96 80 22 72 19 68 48 66 14 40 13 65 36 34 11 24 33 20 18 7 17 12 64 10 9 32 6 5 16 3 8 4 2 1 0

SNR -6.000
127 126 125 124 123 122 121 120 119 118 117 116 115 114 113 112 111 110 109 108 107 106 105 104 103 102 101 100 99 98 97 95 94 93 92 91 90 89 87 86 85 84 83 79 78 77 76 75 71 63 62 61 60 59 58 57 55 54 53 51 47 46 45 43 39 31 30 29 27 23 88 81 82 15 70 52 56 69 50 73 74 49 44 41 42 38 67 35 28 26 22 37 21 25 19 96 80 14 72 68 40 48 66 13 65 11 36 34 24 33 20 7 18 17 12 10 64 9 32 6 5 16 3 8 4 2 1 0

SNR -5.500
127 126 125 124 123 122 121 120 119 118 117 116 115 114 113 112 111 110 109 108 107 106 105 104 103 102 101 100 99 98 97 95 94 93 92 91 90 89 88 87 86 85 84 83 82 81 79 78 77 76 75 74 73 71 69 67 63 62 61 60 59 58 57 56 55 54 53 52 51 50 49 47 46 45 43 39 31 30 29 27 23 15 41 44 70 38 37 42 26 25 35 22 21 28 19 96 13 72 14 80 48 68 11 40 36 66 65 34 24 7 33 20 18 17 12 10 9 64 6 32 5 16 3 8 4 2 1 0

SNR -5.000
127 126 125 124 123 122 121 120 119 118 117 116 115 114 113 112 111 110 109 108 107 106 105 104 103 102 101 100 99 98 97 95 94 93 92 91 90 89 88 87 86 85 84 83 82 81 79 78 77 76 75 74 73 71 70 69 67 63 62 61 60 59 58 57 56 55 54 53 52 51 50 49 47 46 45 44 43 42 41 39 38 37 35 31 30 29 28 27 26 23 15 21 25 22 19 13 11 14 80 96 66 40 72 48 7 68 34 33 65 36 24 18 20 17 12 10 9 6 5 64 32 3 16 8 4 2 1 0

SNR -4.500
127 126 125 124 123 122 121 120 119 118 117 116 115 114 113 112 111 110 109 108 107 106 105 104 103 102 101 100 99 98 97 95 94 93 92 91 90 89 88 87 86 85 84 83 82 81 79 78 77 76 75 74 73 71 70 69 67 63 62 61 60 59 58 57 56 55 54 53 52 51 50 49 47 46 45 44 43 42 41 39 38 37 35 31 30 29 28 27 26 25 23 22 21 15 14 13 11 19 7 96 72 80 48 65 40 68 24 36 66 34 33 20 10 18 17 9 12 6 5 64 3 32 16 8 4 2 1 0

SNR -4.000
127 126 125 124 123 122 121 120 119 118 117 116 115 114 113 112 111 110 109 108 107 106 105 104 103 102 101 100 99 98 97 95 94 93 92 91 90 89 88 87 86 85 84 83 82 81 79 78 77 76 75 74 73 71 70 69 67 63 62 61 60 59 58 57 56 55 54 53 52 51 50 49 47 46 45 44 43 42 41 39 38 37 35 31 30 29 28 27 26 25 23 22 21 19 15 14 13 11 7 96 80 66 72 40 68 48 36 34 65 24 33 20 17 10 18 9 6 12 5 3 64 32 16 8 4 2 1 0

SNR -3.500
127 126 125 124 123 122 121 120 119 118 117 116 115 114 113 112 111 110 109 108 107 106 105 104 103 102 101 100 99 98 97 95 94 93 92 91 90 89 88 87 86 85 84 83 82 81 79 78 77 76 75 74 73 71 70 69 67 63 62 61 60 59 58 57 56 55 54 53 52 51 50 49 47 46 45 44 43 42 41 39 38 37 35 31 30 29 28 27 26 25 23 22 21 19 15 14 13 11 7 96 80 68 48 40 65 72 66 34 36 33 18 20 9 24 12 10 6 17 3 5 64 32 16 8 4 2 1 0

SNR -3.000
127 126 125 124 123 122 121 120 119 118 117 116 115 114 113 112 111 110 109 108 107 106 105 104 103 102 101 100 99 98 97 96 95 94 93 92 91 90 89 88 87 86 85 84 83 82 81 80 79 78 77 76 75 74 73 72 71 70 69 67 66 65 63 62 61 60 59 58 57 56 55 54 53 52 51 50 49 48 47 46 45 44 43 42 41 39 38 37 35 34 31 30 29 28 27 26 25 23 22 21 19 15 14 13 11 7 24 20 68 36 40 12 10 33 17 6 18 9 5 3 64 16 32 8 4 2 1 0

SNR -2.500
127 126 125 124 123 122 121 120 119 118 117 116 115 114 113 112 111 110 109 108 107 106 105 104 103 102 101 100 99 98 97 96 95 94 93 92 91 90 89 88 87 86 85 84 83 82 81 80 79 78 77 76 75 74 73 72 71 70 69 68 67 66 65 63 62 61 60 59 58 57 56 55 54 53 52 51 50 49 48 47 46 45 44 43 42 41 40 39 38 37 36 35 34 33 31 30 29 28 27 26 25 24 23 22 21 20 19 18 17 15 14 13 12 11 10 9 7 5 6 3 64 32 8 16 4 1 2 0

SNR -2.000
127 126 125 124 123 122 121 120 119 118 117 116 115 114 113 112 111 110 109 108 107 106 105 104 103 102 101 100 99 98 97 96 95 94 93 92 91 90 89 88 87 86 85 84 83 82 81 80 79 78 77 76 75 74 73 72 71 70 69 68 67 66 65 63 62 61 60 59 58 57 56 55 54 53 52 51 50 49 48 47 46 45 44 43 42 41 40 39 38 37 36 35 34 33 31 30 29 28 27 26 25 24 23 22 21 20 19 18 17 15 14 13 12 11 10 9 7 6 5 3 64 32 8 2 1 16 4 0

SNR -1.500
127 126 125 124 123 122 121 120 119 118 117 116 115 114 113 112 111 110 109 108 107 106 105 104 103 102 101 100 99 98 97 96 95 94 93 92 91 90 89 88 87 86 85 84 83 82 81 80 79 78 77 76 75 74 73 72 71 70 69 68 67 66 65 63 62 61 60 59 58 57 56 55 54 53 52 51 50 49 48 47 46 45 44 43 42 41 40 39 38 37 36 35 34 33 31 30 29 28 27 26 25 24 23 22 21 20 19 18 17 15 14 13 12 11 10 9 7 6 5 3 64 32 16 4 2 8 1 0

SNR -1.000
127 126 125 124 123 122 121 120 119 118 117 116 115 114 113 112 111 110 109 108 107 106 105 104 103 102 101 100 99 98 97 96 95 94 93 92 91 90 89 88 87 86 85 84 83 82 81 80 79 78 77 76 75 74 73 72 71 70 69 68 67 66 65 63 62 61 60 59 58 57 56 55 54 53 52 51 50 49 48 47 46 45 44 43 42 41 40 39 38 37 36 35 34 33 31 30 29 28 27 26 25 24 23 22 21 20 19 18 17 15 14 13 12 11 10 9 7 6 5 3 64 16 32 8 4 1 2 0

SNR -0.500
127 126 125 124 123 122 121 120 119 118 117 116 115 114 113 112 111 110 109 108 107 106 105 104 103 102 101 100 99 98 97 96 95 94 93 92 91 90 89 88 87 86 85 84 83 82 81 80 79 78 77 76 75 74 73 72 71 70 69 68 67 66 65 63 62 61 60 59 58 57 56 55 54 53 52 51 50 49 48 47 46 45 44 43 42 41 40 39 38 37 36 35 34 33 31 30 29 28 27 26 25 24 23 22 21 20 19 18 17 15 14 13 12 11 10 9 7 6 5 3 64 32 16 8 4 2 1 0

SNR 0.000
127 126 125 124 123 122 121 120 119 118 117 116 115 114 113 112 111 110 109 108 107 106 105 104 103 102 101 100 99 98 97 96 95 94 93 92 91 90 89 88 87 86 85 84 83 82 81 80 79 78 77 76 75 74 73 72 71 70 69 68 67 66 65 64 63 62 61 60 59 58 57 56 55 54 53 52 51 50 49 48 47 46 45 44 43 42 41 40 39 38 37 36 35 34 33 32 31 30 29 28 27 26 25 24 23 22 21 20 19 18 17 16 15 14 13 12 11 10 9 8 7 6 5 4 3 2 1 0

SNR 0.500
127 126 125 124 123 122 121 120 119 118 117 116 115 114 113 112 111 110 109 108 107 106 105 104 103 102 101 100 99 98 97 96 95 94 93 92 91 90 89 88 87 86 85 84 83 82 81 80 79 78 77 76 75 74 73 72 71 70 69 68 67 66 65 64 63 62 61 60 59 58 57 56 55 54 53 52 51 50 49 48 47 46 45 44 43 42 41 40 39 38 37 36 35 34 33 32 31 30 29 28 27 26 25 24 23 22 21 20 19 18 17 16 15 14 13 12 11 10 9 8 7 6 5 4 3 2 1 0

SNR 1.000
127 126 125 124 123 122 121 120 119 118 117 116 115 114 113 112 111 110 109 108 107 106 105 104 103 102 101 100 99 98 97 96 95 94 93 92 91 90 89 88 87 86 85 84 83 82 81 80 79 78 77 76 75 74 73 72 71 70 69 68 67 66 65 64 63 62 61 60 59 58 57 56 55 54 53 52 51 50 49 48 47 46 45 44 43 42 41 40 39 38 37 36 35 34 33 32 31 30 29 28 27 26 25 24 23 22 21 20 19 18 17 16 15 14 13 12 11 10 9 8 7 6 5 4 3 2 1 0

SNR 1.500
127 126 125 124 123 122 121 120 119 118 117 116 115 114 113 112 111 110 109 108 107 106 105 104 103 102 101 100 99 98 97 96 95 94 93 92 91 90 89 88 87 86 85 84 83 82 81 80 79 78 77 76 75 74 73 72 71 70 69 68 67 66 65 64 63 62 61 60 59 58 57 56 55 54 53 52 51 50 49 48 47 46 45 44 43 42 41 40 39 38 37 36 35 34 33 32 31 30 29 28 27 26 25 24 23 22 21 20 19 18 17 16 15 14 13 12 11 10 9 8 7 6 5 4 3 2 1 0

SNR 2.000
127 126 125 124 123 122 121 120 119 118 117 116 115 114 113 112 111 110 109 108 107 106 105 104 103 102 101 100 99 98 97 96 95 94 93 92 91 90 89 88 87 86 85 84 83 82 81 80 79 78 77 76 75 74 73 72 71 70 69 68 67 66 65 64 63 62 61 60 59 58 57 56 55 54 53 52 51 50 49 48 47 46 45 44 43 42 41 40 39 38 37 36 35 34 33 32 31 30 29 28 27 26 25 24 23 22 21 20 19 18 17 16 15 14 13 12 11 10 9 8 7 6 5 4 3 2 1 0

SNR 2.500
127 126 125 124 123 122 121 120 119 118 117 116 115 114 113 112 111 110 109 108 107 106 105 104 103 102 101 100 99 98 97 96 95 94 93 92 91 90 89 88 87 86 85 84 83 82 81 80 79 78 77 76 75 74 73 72 71 70 69 68 67 66 65 64 63 62 61 60 59 58 57 56 55 54 53 52 51 50 49 48 47 46 45 44 43 42 41 40 39 38 37 36 35 34 33 32 31 30 29 28 27 26 25 24 23 22 21 20 19 18 17 16 15 14 13 12 11 10 9 8 7 6 5 4 3 2 1 0

