SNR -22.000
63 62 61 59 55 47 31 60 58 57 54 53 51 46 45 43 39 30 23 27 29 15 56 52 50 42 44 41 49 26 38 21 22 37 25 19 28 13 11 14 35 7 20 36 18 12 10 40 9 17 24 34 6 48 5 33 3 8 4 16 2 32 1 0

SNR -21.500
63 62 61 59 55 47 31 60 58 57 54 53 51 46 45 43 39 30 27 23 29 15 56 52 50 42 44 41 49 38 21 26 22 19 25 37 28 13 11 14 35 7 20 18 36 12 10 40 9 17 24 34 48 6 5 33 3 8 4 16 2 32 1 0

SNR -21.000
63 62 61 59 55 47 31 60 58 57 54 53 51 46 45 43 39 30 27 23 29 15 56 52 50 42 49 41 44 38 26 21 37 22 25 19 28 14 13 11 35 7 20 36 18 12 10 40 9 24 17 48 34 6 5 33 3 8 4 16 2 32 1 0

SNR -20.500
63 62 61 59 55 47 31 60 58 57 54 53 51 46 45 43 39 30 29 23 27 15 56 52 50 42 49 44 41 38 26 21 37 22 25 19 28 14 13 35 11 7 20 36 12 18 40 10 9 24 48 17 34 6 5 33 3 8 4 16 2 32 1 0

SNR -20.000
63 62 61 59 55 47 31 60 58 57 54 53 51 46 45 43 39 30 29 23 27 15 56 52 50 49 42 44 41 38 37 26 21 22 25 19 28 14 13 35 11 7 20 36 18 40 12 10 48 9 17 24 34 6 5 33 3 8 4 16 2 32 1 0

SNR -19.500
63 62 61 59 55 60 47 31 58 57 54 53 51 46 45 43 39 30 29 23 27 15 56 52 50 49 42 44 41 38 37 22 21 26 19 25 28 13 35 14 11 7 20 36 40 18 48 10 12 9 17 24 34 6 5 33 3 8 4 16 2 32 1 0

SNR -19.000
63 62 61 59 55 60 47 31 58 57 54 53 51 46 45 43 39 30 23 27 29 15 56 52 50 49 42 44 41 38 37 26 22 21 25 19 28 35 14 13 11 7 48 36 20 40 18 12 10 9 24 34 17 6 5 33 3 8 4 16 2 32 1 0

SNR -18.500
63 62 61 59 55 60 47 31 58 57 54 53 51 46 45 43 39 29 30 23 27 15 56 52 50 49 42 44 41 38 37 26 21 22 28 25 19 35 14 13 11 7 48 36 20 40 18 12 10 9 34 17 24 6 5 33 3 8 4 16 2 32 1 0

SNR -18.000
63 62 61 59 55 60 47 58 31 57 54 53 51 46 45 43 39 30 29 27 23 15 56 52 50 49 42 44 41 38 37 26 21 22 35 19 25 28 14 13 11 7 48 36 40 20 18 10 12 34 9 17 24 6 33 5 3 8 4 16 32 2 1 0

SNR -17.500
63 62 61 59 55 60 58 47 31 57 54 53 51 46 45 43 39 30 29 23 27 15 56 52 50 49 44 42 41 38 37 26 35 22 21 19 28 25 14 13 11 7 48 36 40 20 18 12 34 10 9 17 24 33 6 5 3 8 4 16 2 32 1 0

SNR -17.000
63 62 61 59 55 60 58 47 57 31 54 53 51 46 45 43 39 30 29 27 23 15 56 52 50 49 44 42 41 38 37 35 26 22 21 28 25 19 14 13 11 7 48 36 40 20 34 18 12 10 9 24 17 33 6 5 3 8 4 16 32 2 1 0

SNR -16.500
63 62 61 59 55 60 58 47 57 54 31 53 51 46 45 43 56 39 30 29 27 23 15 52 50 49 44 42 41 38 37 35 26 22 21 28 25 19 14 13 11 7 48 36 40 20 34 18 12 10 9 17 24 33 6 5 3 8 4 16 32 2 1 0

SNR -16.000
63 62 61 59 55 60 58 47 57 54 31 53 51 46 56 45 43 39 30 29 27 23 15 52 50 49 44 42 41 38 37 35 26 28 22 21 25 19 14 13 11 7 48 40 36 34 20 12 18 10 33 9 24 17 6 5 3 8 4 16 32 2 1 0

SNR -15.500
63 62 61 59 55 60 58 57 47 54 53 31 51 46 56 45 43 39 30 29 27 23 15 52 50 49 44 42 41 38 37 35 26 28 22 21 25 19 14 13 11 7 48 40 36 34 20 18 10 33 12 9 24 17 6 5 3 8 4 16 32 2 1 0

SNR -15.000
63 61 62 59 55 60 58 47 57 54 53 31 51 46 56 45 43 39 30 52 29 27 23 15 50 49 44 42 41 38 37 35 28 26 22 21 25 19 14 13 11 7 48 40 36 34 33 20 18 12 10 24 9 17 6 5 3 8 32 4 16 2 1 0

SNR -14.500
63 62 61 59 55 60 58 57 47 54 53 31 51 46 56 45 43 52 30 39 29 27 23 15 50 49 44 42 41 38 37 35 28 26 25 22 21 19 14 13 11 7 48 40 36 34 33 20 18 12 10 24 9 17 6 5 3 32 8 4 16 2 1 0

SNR -14.000
63 61 62 59 55 60 58 47 57 54 53 31 51 46 56 45 52 43 30 39 50 29 27 23 15 49 44 42 41 38 37 35 28 26 25 22 21 19 14 13 11 7 48 40 36 34 33 20 18 24 10 12 9 17 6 5 3 32 8 4 16 2 1 0

SNR -13.500
63 62 61 59 55 60 58 47 57 54 53 51 31 46 56 45 52 43 30 50 39 29 49 27 44 23 15 42 41 38 37 35 28 26 25 22 21 48 19 14 13 11 7 40 36 34 33 20 24 18 12 10 9 17 6 5 3 32 8 4 16 2 1 0

SNR -13.000
63 62 61 59 55 47 60 58 57 54 53 51 31 46 45 56 52 43 30 50 39 29 49 44 27 23 15 42 41 38 37 28 35 26 48 25 22 21 19 14 13 11 7 40 36 34 33 24 20 18 10 12 17 9 6 5 3 32 8 4 16 2 1 0

SNR -12.500
63 62 61 59 55 47 60 58 57 54 53 51 31 46 45 56 43 52 50 30 39 29 49 44 27 42 23 15 41 38 28 37 35 48 26 25 22 21 19 14 13 11 7 40 36 34 33 24 20 18 17 10 12 9 6 5 3 32 8 16 4 2 1 0

SNR -12.000
63 62 61 59 55 47 60 57 58 54 53 51 31 46 45 56 43 52 50 30 39 29 49 44 27 42 23 41 15 38 28 37 48 35 26 25 22 21 19 14 13 40 11 7 36 34 33 24 20 18 17 10 12 9 6 5 3 32 16 8 4 2 1 0

SNR -11.500
63 62 61 59 55 47 60 57 58 54 53 31 51 46 45 43 56 52 30 50 39 29 49 44 27 42 41 23 38 15 28 37 48 26 35 25 22 40 21 19 14 13 11 7 36 34 33 24 20 18 17 12 10 9 6 5 3 32 16 8 4 2 1 0

SNR -11.000
63 62 61 59 55 47 60 58 57 54 51 53 31 46 45 43 56 52 39 30 50 29 49 44 27 42 41 23 38 28 37 15 48 26 35 25 40 22 21 19 14 13 36 11 7 34 33 24 20 18 17 12 10 9 6 5 3 32 16 8 4 2 1 0

SNR -10.500
63 62 61 59 55 47 60 31 58 51 54 53 57 45 46 43 56 39 30 52 50 29 49 44 27 42 41 23 38 28 37 15 48 26 35 25 40 22 21 36 19 14 13 11 7 34 24 33 20 18 17 12 10 9 6 5 3 32 16 8 4 2 1 0

SNR -10.000
63 62 61 59 55 47 31 60 58 54 57 53 51 45 43 46 39 30 52 29 56 50 49 27 44 42 41 23 38 37 28 26 15 48 35 25 22 40 21 36 19 14 13 34 11 24 7 33 20 18 17 12 10 9 6 5 3 32 16 8 4 2 1 0

SNR -9.500
63 62 61 60 59 58 57 55 47 31 54 46 53 45 51 43 39 30 56 29 52 27 49 50 44 42 23 41 38 37 28 26 15 35 48 25 22 40 21 36 19 14 34 13 24 11 33 7 20 18 17 12 10 9 6 32 5 3 16 8 4 2 1 0

SNR -9.000
63 62 61 60 59 58 55 54 53 51 47 31 45 57 46 43 39 29 30 52 50 56 49 27 42 23 44 41 38 37 28 15 26 35 25 48 22 21 40 36 19 14 34 13 24 33 11 20 7 18 17 12 10 32 9 6 5 3 16 8 4 2 1 0

SNR -8.500
63 62 61 60 59 58 57 55 54 53 51 47 46 45 31 43 39 30 29 27 52 56 50 23 44 42 49 41 37 38 15 28 26 35 25 22 48 21 40 19 36 14 34 13 24 33 11 20 7 18 17 12 10 32 9 6 5 3 16 8 4 2 1 0

SNR -8.000
63 62 61 60 59 58 57 55 54 53 51 47 46 45 43 39 31 30 29 27 23 52 56 50 49 44 15 41 42 38 37 35 28 26 25 22 21 48 19 40 14 36 13 34 24 11 33 20 18 7 17 12 10 32 9 6 5 3 16 8 4 2 1 0

SNR -7.500
63 62 61 60 59 58 57 55 54 53 51 47 46 45 43 39 31 30 29 27 23 50 56 44 15 49 38 42 52 41 37 28 25 35 22 26 21 19 48 14 40 13 36 34 11 24 33 20 18 7 17 12 10 9 32 6 5 16 3 8 4 2 1 0

SNR -7.000
63 62 61 60 59 58 57 55 54 53 51 47 46 45 43 39 31 30 29 27 23 15 56 50 52 44 49 41 38 42 37 35 28 26 25 21 22 19 14 13 48 40 11 36 34 24 33 20 7 18 17 12 10 9 32 6 5 16 3 8 4 2 1 0

SNR -6.500
63 62 61 60 59 58 57 55 54 53 51 47 46 45 43 39 31 30 29 27 23 15 50 56 42 49 52 41 44 28 35 38 26 25 22 37 19 21 14 13 48 40 11 36 34 24 33 7 20 18 17 12 10 9 6 32 5 16 3 8 4 2 1 0

SNR -6.000
63 62 61 60 59 58 57 56 55 54 53 52 51 50 49 47 46 45 43 42 39 38 31 30 29 27 23 15 44 41 35 26 28 25 37 22 21 19 14 13 11 48 40 7 36 34 20 24 33 18 17 12 10 9 6 5 32 16 3 8 4 2 1 0

SNR -5.500
63 62 61 60 59 58 57 56 55 54 53 52 51 50 49 47 46 45 44 43 42 41 39 38 37 31 30 29 28 27 26 25 23 15 22 35 19 21 13 11 14 48 36 7 40 24 34 20 18 33 17 12 10 9 6 5 32 3 16 8 4 2 1 0

SNR -5.000
63 62 61 60 59 58 57 56 55 54 53 52 51 50 49 47 46 45 44 43 42 41 39 38 37 35 31 30 29 28 27 26 25 23 22 21 19 15 14 13 11 7 40 48 33 20 36 24 34 17 18 12 9 10 6 5 3 32 16 8 4 2 1 0

SNR -4.500
63 62 61 60 59 58 57 56 55 54 53 52 51 50 49 47 46 45 44 43 42 41 39 38 37 35 31 30 29 28 27 26 25 23 22 21 19 15 14 13 11 7 48 36 40 24 20 34 12 18 33 17 10 5 9 6 3 32 16 8 4 2 1 0

SNR -4.000
63 62 61 60 59 58 57 56 55 54 53 52 51 50 49 47 46 45 44 43 42 41 39 38 37 35 31 30 29 28 27 26 25 23 22 21 19 15 14 13 11 7 48 40 33 36 20 34 24 18 17 12 10 5 9 3 6 32 16 8 4 2 1 0

SNR -3.500
63 62 61 60 59 58 57 56 55 54 53 52 51 50 49 47 46 45 44 43 42 41 39 38 37 35 31 30 29 28 27 26 25 23 22 21 19 15 14 13 11 7 48 40 34 24 20 36 33 17 18 9 10 12 6 5 3 32 16 8 4 2 1 0

SNR -3.000
63 62 61 60 59 58 57 56 55 54 53 52 51 50 49 48 47 46 45 44 43 42 41 40 39 38 37 36 35 33 31 30 29 28 27 26 25 24 23 22 21 19 17 15 14 13 11 7 12 10 34 18 20 6 5 3 9 32 8 16 4 2 1 0

SNR -2.500
63 62 61 60 59 58 57 56 55 54 53 52 51 50 49 48 47 46 45 44 43 42 41 40 39 38 37 36 35 34 33 31 30 29 28 27 26 25 24 23 22 21 20 19 18 17 15 14 13 12 11 10 9 7 6 5 3 32 16 4 8 2 1 0

SNR -2.000
63 62 61 60 59 58 57 56 55 54 53 52 51 50 49 48 47 46 45 44 43 42 41 40 39 38 37 36 35 34 33 31 30 29 28 27 26 25 24 23 22 21 20 19 18 17 15 14 13 12 11 10 9 7 6 5 3 32 16 4 1 8 2 0

SNR -1.500
63 62 61 60 59 58 57 56 55 54 53 52 51 50 49 48 47 46 45 44 43 42 41 40 39 38 37 36 35 34 33 31 30 29 28 27 26 25 24 23 22 21 20 19 18 17 15 14 13 12 11 10 9 7 6 5 3 32 16 8 2 1 4 0

SNR -1.000
63 62 61 60 59 58 57 56 55 54 53 52 51 50 49 48 47 46 45 44 43 42 41 40 39 38 37 36 35 34 33 31 30 29 28 27 26 25 24 23 22 21 20 19 18 17 15 14 13 12 11 10 9 7 6 5 3 32 8 16 4 2 1 0

SNR -0.500
63 62 61 60 59 58 57 56 55 54 53 52 51 50 49 48 47 46 45 44 43 42 41 40 39 38 37 36 35 34 33 31 30 29 28 27 26 25 24 23 22 21 20 19 18 17 15 14 13 12 11 10 9 7 6 5 3 32 16 8 4 2 1 0

SNR 0.000
63 62 61 60 59 58 57 56 55 54 53 52 51 50 49 48 47 46 45 44 43 42 41 40 39 38 37 36 35 34 33 32 31 30 29 28 27 26 25 24 23 22 21 20 19 18 17 16 15 14 13 12 11 10 9 8 7 6 5 4 3 2 1 0

SNR 0.500
63 62 61 60 59 58 57 56 55 54 53 52 51 50 49 48 47 46 45 44 43 42 41 40 39 38 37 36 35 34 33 32 31 30 29 28 27 26 25 24 23 22 21 20 19 18 17 16 15 14 13 12 11 10 9 8 7 6 5 4 3 2 1 0

SNR 1.000
63 62 61 60 59 58 57 56 55 54 53 52 51 50 49 48 47 46 45 44 43 42 41 40 39 38 37 36 35 34 33 32 31 30 29 28 27 26 25 24 23 22 21 20 19 18 17 16 15 14 13 12 11 10 9 8 7 6 5 4 3 2 1 0

SNR 1.500
63 62 61 60 59 58 57 56 55 54 53 52 51 50 49 48 47 46 45 44 43 42 41 40 39 38 37 36 35 34 33 32 31 30 29 28 27 26 25 24 23 22 21 20 19 18 17 16 15 14 13 12 11 10 9 8 7 6 5 4 3 2 1 0

SNR 2.000
63 62 61 60 59 58 57 56 55 54 53 52 51 50 49 48 47 46 45 44 43 42 41 40 39 38 37 36 35 34 33 32 31 30 29 28 27 26 25 24 23 22 21 20 19 18 17 16 15 14 13 12 11 10 9 8 7 6 5 4 3 2 1 0

SNR 2.500
63 62 61 60 59 58 57 56 55 54 53 52 51 50 49 48 47 46 45 44 43 42 41 40 39 38 37 36 35 34 33 32 31 30 29 28 27 26 25 24 23 22 21 20 19 18 17 16 15 14 13 12 11 10 9 8 7 6 5 4 3 2 1 0

