SNR -22.000
31 30 29 27 23 15 28 26 25 22 21 19 11 14 13 7 20 24 10 18 12 9 6 5 17 3 4 8 2 16 1 0

SNR -21.500
31 30 29 27 23 15 28 26 25 22 21 19 13 11 14 7 20 24 10 18 9 12 6 5 17 3 4 8 2 16 1 0

SNR -21.000
31 30 29 27 23 15 28 26 25 22 21 19 14 13 11 7 24 20 10 18 12 9 6 5 17 3 4 8 2 16 1 0

SNR -20.500
31 30 29 27 23 15 28 26 25 22 21 19 14 13 11 7 24 20 10 18 12 9 6 17 5 3 4 8 2 16 1 0

SNR -20.000
31 30 29 27 23 15 28 26 25 22 21 19 14 11 13 7 24 20 18 10 9 12 6 17 5 3 4 8 2 16 1 0

SNR -19.500
31 30 29 27 23 15 28 26 25 22 21 19 14 11 13 7 24 20 18 10 9 12 6 17 5 3 4 8 2 16 1 0

SNR -19.000
31 30 29 27 23 15 28 26 25 22 21 19 13 14 11 7 24 20 18 10 12 9 17 6 5 3 4 8 2 16 1 0

SNR -18.500
31 30 29 27 23 15 28 26 25 22 21 19 14 13 11 7 24 20 18 10 12 9 17 6 5 3 4 8 2 16 1 0

SNR -18.000
31 30 29 27 23 15 28 26 25 22 21 19 14 13 11 7 24 20 18 10 17 9 12 6 5 3 4 8 16 2 1 0

SNR -17.500
31 30 29 27 23 15 28 26 25 22 21 19 14 13 11 7 24 20 18 10 17 12 9 6 5 3 4 8 16 2 1 0

SNR -17.000
31 30 29 27 23 15 28 26 25 22 21 19 14 13 11 7 24 20 18 17 10 12 9 6 5 3 4 8 16 2 1 0

SNR -16.500
31 30 29 27 23 28 15 26 25 22 21 19 14 13 11 7 24 20 18 17 10 12 9 6 5 3 4 8 16 2 1 0

SNR -16.000
31 30 29 27 23 28 15 26 25 22 21 19 14 13 11 7 24 20 18 17 10 12 9 6 5 3 16 4 8 2 1 0

SNR -15.500
31 30 29 27 23 28 15 26 25 22 21 19 14 13 11 7 24 20 18 17 10 12 9 6 5 3 16 4 8 2 1 0

SNR -15.000
31 30 29 27 23 28 15 26 25 22 21 19 14 13 11 7 24 20 18 17 10 12 9 6 5 3 16 4 8 2 1 0

SNR -14.500
31 30 29 27 23 28 26 15 25 22 21 19 14 13 11 7 24 20 18 17 12 10 9 6 5 3 16 4 8 2 1 0

SNR -14.000
31 30 29 27 23 28 26 15 25 22 21 19 14 13 11 7 24 20 18 17 12 10 9 6 5 3 16 4 8 2 1 0

SNR -13.500
31 30 29 27 23 28 26 15 25 22 21 19 14 13 11 24 7 20 18 17 12 10 9 6 5 3 16 4 8 2 1 0

SNR -13.000
31 30 29 27 23 28 26 15 25 22 21 19 14 13 24 11 7 20 18 17 12 10 9 6 5 3 16 8 4 2 1 0

SNR -12.500
31 30 29 27 23 28 26 15 25 22 21 19 14 24 13 11 7 20 18 17 12 10 9 6 5 3 16 8 4 2 1 0

SNR -12.000
31 30 29 27 23 28 26 25 15 22 21 19 14 24 13 11 7 20 18 17 12 10 9 6 5 3 16 8 4 2 1 0

SNR -11.500
31 30 29 27 23 28 26 15 25 22 21 19 14 24 13 11 20 7 18 17 12 10 9 6 5 3 16 8 4 2 1 0

SNR -11.000
31 30 29 27 23 28 26 15 25 22 21 19 14 24 13 20 11 7 18 17 12 10 9 6 5 3 16 8 4 2 1 0

SNR -10.500
31 30 29 27 23 28 15 26 25 22 21 19 14 24 13 20 11 18 7 17 12 10 9 6 5 3 16 8 4 2 1 0

SNR -10.000
31 30 29 27 23 15 26 28 25 22 21 19 14 13 24 11 20 18 7 17 12 10 9 6 5 3 16 8 4 2 1 0

SNR -9.500
31 30 29 27 23 15 28 26 25 22 21 19 14 13 24 11 20 18 7 17 12 10 9 6 5 3 16 8 4 2 1 0

SNR -9.000
31 30 29 27 23 15 26 25 28 21 22 19 14 13 24 11 20 18 7 17 12 10 9 6 5 16 3 8 4 2 1 0

SNR -8.500
31 30 29 27 23 15 26 28 25 22 21 19 14 13 11 24 20 18 7 17 12 10 9 6 5 16 3 8 4 2 1 0

SNR -8.000
31 30 29 27 23 15 26 28 25 22 21 19 14 13 11 24 20 7 18 17 12 10 9 6 5 16 3 8 4 2 1 0

SNR -7.500
31 30 29 27 23 15 25 28 22 19 21 26 14 11 13 24 7 20 18 17 12 10 9 6 5 16 3 8 4 2 1 0

SNR -7.000
31 30 29 27 23 15 28 25 26 22 19 21 14 13 11 7 24 20 18 17 12 10 9 6 5 16 3 8 4 2 1 0

SNR -6.500
31 30 29 27 23 15 25 28 21 26 22 14 19 13 11 7 24 20 18 17 12 10 9 6 5 3 16 8 4 2 1 0

SNR -6.000
31 30 29 28 27 26 25 23 21 19 15 22 13 14 11 7 24 20 18 17 10 12 9 6 5 3 16 8 4 2 1 0

SNR -5.500
31 30 29 28 27 26 25 23 22 21 19 15 14 13 11 7 24 18 20 12 17 10 9 6 5 3 16 8 4 2 1 0

SNR -5.000
31 30 29 28 27 26 25 23 22 21 19 15 14 13 11 7 20 24 10 18 12 17 9 6 5 3 16 8 4 2 1 0

SNR -4.500
31 30 29 28 27 26 25 23 22 21 19 15 14 13 11 7 24 18 20 12 10 17 6 9 5 3 16 8 4 2 1 0

SNR -4.000
31 30 29 28 27 26 25 23 22 21 19 15 14 13 11 7 24 20 18 10 17 12 9 6 5 3 16 8 4 2 1 0

SNR -3.500
31 30 29 28 27 26 25 23 22 21 19 15 14 13 11 7 24 20 17 12 10 18 9 5 6 3 16 8 4 2 1 0

SNR -3.000
31 30 29 28 27 26 25 24 23 22 21 20 19 18 15 14 13 12 11 7 6 5 17 9 10 3 16 4 8 2 1 0

SNR -2.500
31 30 29 28 27 26 25 24 23 22 21 20 19 18 17 15 14 13 12 11 10 9 7 6 5 3 16 8 2 4 1 0

SNR -2.000
31 30 29 28 27 26 25 24 23 22 21 20 19 18 17 15 14 13 12 11 10 9 7 6 5 3 16 8 2 4 1 0

SNR -1.500
31 30 29 28 27 26 25 24 23 22 21 20 19 18 17 15 14 13 12 11 10 9 7 6 5 3 16 8 4 1 2 0

SNR -1.000
31 30 29 28 27 26 25 24 23 22 21 20 19 18 17 15 14 13 12 11 10 9 7 6 5 3 16 4 8 2 1 0

SNR -0.500
31 30 29 28 27 26 25 24 23 22 21 20 19 18 17 15 14 13 12 11 10 9 7 6 5 3 16 8 4 2 1 0

SNR 0.000
31 30 29 28 27 26 25 24 23 22 21 20 19 18 17 16 15 14 13 12 11 10 9 8 7 6 5 4 3 2 1 0

SNR 0.500
31 30 29 28 27 26 25 24 23 22 21 20 19 18 17 16 15 14 13 12 11 10 9 8 7 6 5 4 3 2 1 0

SNR 1.000
31 30 29 28 27 26 25 24 23 22 21 20 19 18 17 16 15 14 13 12 11 10 9 8 7 6 5 4 3 2 1 0

SNR 1.500
31 30 29 28 27 26 25 24 23 22 21 20 19 18 17 16 15 14 13 12 11 10 9 8 7 6 5 4 3 2 1 0

SNR 2.000
31 30 29 28 27 26 25 24 23 22 21 20 19 18 17 16 15 14 13 12 11 10 9 8 7 6 5 4 3 2 1 0

SNR 2.500
31 30 29 28 27 26 25 24 23 22 21 20 19 18 17 16 15 14 13 12 11 10 9 8 7 6 5 4 3 2 1 0

