SNR -22.000
255 254 253 251 247 252 250 239 249 246 223 245 191 127 243 238 248 237 235 231 222 221 219 215 207 183 175 190 187 189 159 126 95 63 123 125 111 119 244 242 241 236 234 233 230 229 227 218 214 217 213 220 211 205 206 203 182 174 181 186 171 173 179 167 185 188 158 122 199 107 110 155 151 109 94 91 117 87 118 157 103 79 121 62 93 115 124 61 47 55 59 143 31 240 232 228 226 212 210 204 202 170 172 216 169 225 180 201 178 90 154 209 106 85 83 89 105 166 165 86 156 153 108 149 150 102 116 198 53 92 101 60 147 58 54 51 77 75 163 43 177 78 114 57 45 46 197 39 184 71 99 142 141 113 120 139 30 27 195 29 23 135 15 84 82 148 164 52 44 168 76 42 200 41 74 73 100 50 146 104 88 81 152 38 37 196 49 140 145 162 56 138 98 35 70 28 26 25 69 208 137 224 21 22 19 176 161 97 67 194 112 134 13 14 133 11 193 131 7 36 40 72 20 68 24 34 18 80 136 48 144 17 33 12 66 132 10 9 160 96 65 6 130 5 192 129 3 16 32 8 4 64 2 128 1 0

SNR -21.500
255 253 254 251 247 252 250 249 239 246 245 223 191 127 243 238 248 237 235 231 222 221 215 219 207 189 244 187 190 183 175 159 125 126 111 95 123 119 63 242 241 236 234 233 230 229 227 220 218 214 213 206 211 205 217 203 186 182 181 173 167 171 174 188 179 185 158 199 155 110 109 87 122 157 118 107 103 117 151 79 94 91 93 121 115 124 62 61 55 47 143 59 31 240 232 228 226 212 210 204 225 202 201 170 169 209 172 180 106 216 166 85 154 178 90 86 165 105 83 89 156 198 108 153 150 116 149 77 102 101 92 78 75 53 58 147 51 197 114 57 43 54 45 177 163 60 39 184 46 71 99 113 142 141 120 139 30 195 29 27 23 135 15 84 76 148 164 200 82 168 52 74 42 44 100 41 73 50 88 146 104 81 152 196 38 37 49 140 56 162 208 145 70 28 224 26 35 25 138 69 98 137 21 22 19 161 176 67 97 194 112 134 14 13 133 193 11 131 7 40 36 72 20 68 34 24 80 18 48 136 144 17 33 12 66 10 132 9 160 96 65 6 130 5 192 129 3 16 32 8 4 64 2 128 1 0

SNR -21.000
255 254 253 251 247 252 250 249 239 246 245 223 243 191 238 127 248 237 235 231 244 222 221 219 215 207 190 189 183 187 159 175 126 63 123 95 125 119 111 242 241 236 234 233 230 229 227 220 218 214 213 217 211 206 205 203 186 182 181 173 171 199 174 185 188 179 167 155 158 157 118 117 122 110 107 151 109 87 91 93 79 94 103 115 62 121 124 59 55 61 47 143 31 240 232 228 226 212 225 210 204 202 201 216 170 209 169 180 154 172 198 153 166 178 85 106 165 90 83 86 149 89 150 108 156 105 92 116 197 147 54 58 102 77 53 78 101 75 51 163 57 60 184 114 43 177 39 45 46 142 113 71 99 141 195 139 120 27 30 29 23 135 15 84 164 168 148 82 200 76 52 74 42 44 152 41 73 224 146 100 196 50 81 88 38 37 104 140 49 208 145 162 56 26 70 138 25 28 69 35 98 137 21 22 19 161 176 194 67 97 112 134 14 13 133 193 11 131 7 36 40 72 20 68 24 80 34 18 48 144 136 17 33 12 66 132 10 9 160 65 96 130 6 5 192 129 3 16 8 32 4 64 2 128 1 0

SNR -20.500
255 254 253 251 247 252 250 249 239 246 245 223 243 238 248 191 127 237 235 244 222 231 221 219 215 207 242 190 189 183 175 187 159 126 123 125 95 119 111 63 241 236 234 233 230 229 227 220 218 217 214 213 211 206 205 203 186 171 182 181 199 174 173 188 179 158 167 185 122 157 155 107 87 110 117 151 109 118 91 93 94 103 79 115 62 121 55 124 61 59 143 47 31 240 232 228 226 225 212 210 216 202 204 201 170 209 169 172 180 178 198 166 154 90 85 153 106 165 105 156 86 108 83 149 89 197 150 102 116 53 92 58 147 177 101 54 78 77 75 60 43 114 51 163 57 184 45 46 39 141 195 142 99 71 113 139 120 27 29 30 23 135 15 84 224 148 200 52 164 82 168 42 76 74 41 196 146 44 100 152 73 104 50 81 88 208 37 140 38 145 49 162 56 138 25 98 26 28 70 35 137 21 69 176 22 194 19 161 97 67 134 112 133 193 14 13 11 131 7 36 40 72 20 24 68 34 80 18 136 48 144 17 33 12 66 132 10 9 160 96 65 130 192 6 5 129 3 16 32 8 4 64 2 128 1 0

SNR -20.000
255 254 253 251 247 252 250 239 249 246 245 223 243 238 248 237 191 127 244 235 222 231 242 221 219 215 207 190 241 189 187 175 183 159 125 126 123 111 63 95 119 236 234 233 230 229 227 220 218 217 214 213 211 206 205 203 186 199 182 171 174 173 188 181 179 185 167 157 158 155 151 117 122 118 110 87 94 93 107 240 109 91 115 79 121 62 103 124 143 61 55 59 47 31 232 228 226 225 212 210 216 202 201 209 204 170 169 172 154 180 198 166 197 178 165 156 153 150 90 149 86 85 106 89 83 147 105 108 92 184 116 58 102 101 177 77 78 75 53 163 51 57 114 54 45 43 60 195 142 46 39 141 71 99 139 113 120 30 27 29 23 135 15 224 200 148 84 164 168 196 76 74 82 42 146 52 44 208 41 50 100 73 152 81 88 104 38 140 145 162 37 49 56 138 70 26 137 69 98 25 35 28 194 21 22 161 176 19 67 97 193 112 134 133 14 13 11 131 7 36 40 72 20 68 24 34 80 136 18 48 144 17 33 12 66 132 10 160 9 65 96 192 130 6 5 129 3 16 8 32 4 64 2 128 1 0

SNR -19.500
255 254 251 253 247 252 250 239 249 246 245 243 223 238 248 237 191 244 235 127 222 231 242 221 241 219 236 215 190 207 189 187 183 175 159 125 123 126 95 119 111 63 234 233 230 229 227 220 218 217 214 213 211 240 206 205 203 199 186 182 173 174 181 185 171 188 167 179 158 157 155 122 151 93 109 118 94 91 117 87 110 107 115 62 103 79 121 55 124 61 47 143 59 31 232 228 226 225 216 212 210 204 202 201 209 198 170 197 172 169 178 166 180 154 156 165 150 153 90 149 86 106 85 89 83 92 147 184 105 108 116 77 177 163 75 195 101 78 54 102 58 53 114 51 45 60 43 57 46 142 39 141 71 99 113 139 120 30 29 27 23 135 15 224 200 196 164 148 84 208 76 82 74 168 146 42 41 44 52 100 73 152 50 81 88 145 104 140 38 162 37 138 70 49 56 28 194 26 35 25 98 137 69 21 161 22 176 19 67 97 193 112 134 133 13 14 11 131 7 40 36 72 68 20 24 34 80 144 136 18 48 17 33 12 66 132 10 160 9 65 96 192 130 6 5 129 3 16 8 32 4 64 2 128 1 0

SNR -19.000
255 254 251 253 247 250 252 239 249 246 245 243 223 238 237 248 235 244 191 222 242 127 231 221 241 236 219 215 190 207 189 234 187 183 175 159 126 125 95 123 63 119 111 233 230 220 229 227 240 218 217 214 213 211 206 205 203 199 188 186 182 174 185 181 173 171 179 167 157 158 155 151 107 109 94 122 110 91 117 93 118 87 79 103 124 121 62 115 143 61 59 55 47 31 232 228 226 225 216 212 210 202 204 201 209 198 197 170 172 180 169 166 154 165 178 149 150 106 90 156 153 195 184 86 85 108 105 89 92 147 102 83 163 78 116 177 58 101 53 77 60 75 54 43 114 57 51 45 142 46 141 39 139 99 71 120 113 29 30 27 23 135 15 224 200 196 208 164 168 148 84 52 76 82 100 146 42 152 41 74 44 50 73 104 88 162 81 140 194 138 37 145 38 49 56 28 70 26 137 25 69 35 98 176 21 161 22 193 19 97 134 67 112 133 14 13 11 131 7 36 40 72 20 68 24 34 80 18 136 48 144 17 33 12 132 66 160 10 9 96 192 65 130 6 5 129 3 16 8 32 4 64 2 128 1 0

SNR -18.500
255 254 253 251 247 239 252 250 249 246 245 243 223 238 237 248 235 244 191 242 222 231 221 241 127 236 219 234 215 190 207 189 233 187 183 175 159 125 95 126 123 119 111 63 230 220 229 240 227 218 217 214 213 211 206 205 203 188 199 186 182 181 173 185 174 171 167 158 179 155 157 151 232 93 117 122 94 118 87 109 107 91 124 62 103 115 79 110 143 61 59 121 55 47 31 228 226 225 216 212 210 202 204 209 201 198 197 170 172 180 154 169 166 178 165 195 184 153 149 150 156 85 106 147 108 90 86 89 105 58 92 83 177 102 116 163 78 54 101 77 53 75 114 60 57 51 142 46 45 43 141 39 139 71 99 113 120 30 29 27 23 135 15 224 200 208 196 148 164 84 146 168 52 76 74 42 82 152 44 194 41 100 73 104 50 145 81 162 140 88 138 38 37 56 49 137 70 28 26 35 69 25 161 176 193 98 21 22 19 67 97 134 112 133 13 14 11 131 7 36 40 72 20 68 136 34 80 24 144 18 48 17 33 12 66 132 160 10 9 192 65 96 130 6 5 129 3 16 8 32 4 64 2 128 1 0

SNR -18.000
255 254 253 251 247 252 250 239 246 249 245 223 243 238 237 248 235 244 191 242 222 231 241 221 236 127 219 234 190 215 233 189 207 230 187 183 175 159 126 125 220 123 119 63 95 111 229 240 227 218 217 214 213 211 232 205 206 188 203 199 186 185 182 181 173 179 171 174 167 158 157 155 151 117 122 107 91 109 118 87 94 93 79 143 62 103 121 110 115 61 124 55 59 47 31 228 226 225 216 212 210 209 204 202 201 198 197 170 180 178 172 169 166 195 184 154 165 150 156 149 153 147 177 106 163 85 90 86 83 108 89 116 105 92 54 78 77 142 53 58 101 102 57 60 114 75 141 51 43 139 46 45 39 71 99 120 113 30 27 29 135 23 15 224 208 196 200 164 148 168 194 84 146 74 76 152 82 52 162 42 41 145 73 44 100 140 81 138 50 88 38 37 104 137 56 176 193 70 49 26 161 28 98 69 35 25 21 22 19 134 67 97 133 112 14 13 131 11 7 40 36 72 68 20 136 144 24 80 34 18 48 33 17 12 132 66 160 192 10 9 65 96 130 6 5 129 3 16 32 8 4 64 2 128 1 0

SNR -17.500
255 254 253 251 247 239 252 246 250 249 245 223 243 238 237 235 248 244 222 191 242 231 221 241 236 219 234 127 233 190 215 230 189 220 207 229 187 240 183 175 159 126 125 95 123 119 63 111 218 227 217 232 214 213 211 188 206 205 203 199 186 185 181 182 171 179 173 174 228 167 158 155 157 151 124 117 122 87 107 94 118 110 143 91 109 121 115 93 79 62 103 55 61 59 47 31 226 225 216 212 210 209 204 202 201 198 197 195 184 180 170 172 178 169 166 154 165 150 156 149 153 177 106 163 147 90 85 86 116 105 89 83 78 108 142 77 92 102 58 141 101 54 114 53 75 57 60 51 45 139 43 46 39 113 120 99 71 29 30 135 27 23 15 224 208 200 196 194 148 164 168 84 146 82 152 76 193 74 140 162 52 42 44 145 41 73 50 100 138 104 88 81 137 38 37 176 56 161 49 26 70 28 98 69 35 25 21 22 19 134 133 97 67 112 14 13 131 11 7 36 40 72 136 20 68 144 80 24 34 48 18 192 132 33 17 12 160 66 10 9 65 96 130 6 5 129 3 16 32 8 4 64 2 128 1 0

SNR -17.000
255 254 253 251 247 239 249 252 246 223 245 250 243 237 238 235 248 244 222 231 242 191 221 241 236 219 234 233 127 215 190 230 220 189 229 207 240 187 218 227 183 126 175 159 125 123 119 217 111 95 63 232 214 213 188 211 206 205 228 203 199 186 185 181 182 179 171 174 173 167 158 157 155 151 226 124 122 121 143 118 109 107 87 117 91 110 93 62 115 61 79 94 103 59 47 55 225 31 216 212 210 209 204 202 201 198 197 184 195 180 178 170 166 169 172 177 165 154 150 153 156 149 147 163 90 106 86 142 85 108 116 141 105 89 83 54 102 92 78 58 53 77 114 139 101 57 60 51 75 43 46 45 120 39 99 113 71 135 29 30 27 23 224 15 208 200 196 194 164 148 193 168 146 152 84 162 140 52 145 82 176 76 42 74 138 100 44 73 41 50 81 137 104 88 38 49 161 37 56 28 70 26 25 98 35 69 134 21 22 19 133 112 67 97 14 13 131 11 7 36 40 72 136 144 20 192 68 34 24 80 18 48 132 17 160 33 12 66 10 9 96 65 130 6 129 5 3 16 32 8 4 64 2 128 1 0

SNR -16.500
255 254 253 251 247 239 252 250 246 249 223 245 243 238 237 235 248 231 244 222 221 191 242 241 236 219 234 233 215 230 190 127 220 229 189 218 207 240 227 187 217 126 183 232 214 175 125 159 123 119 111 95 63 213 188 228 211 206 205 186 203 185 199 226 182 181 216 179 173 174 171 225 167 157 158 124 151 155 122 143 121 117 118 109 110 107 87 103 91 93 94 79 61 115 62 59 55 47 31 212 210 209 204 202 201 198 197 184 195 180 178 170 172 177 169 166 154 165 150 149 156 153 224 163 147 142 106 85 141 86 102 90 116 89 105 83 108 139 77 78 58 54 114 92 101 75 53 57 45 60 51 46 120 43 39 71 113 99 135 30 27 29 23 15 208 200 196 194 193 148 164 168 146 176 152 162 84 140 145 82 74 76 138 42 44 52 100 73 137 41 81 88 50 104 38 161 37 56 70 49 26 28 25 98 35 69 134 21 22 19 133 67 97 112 14 131 13 11 7 192 40 72 36 136 144 20 68 24 34 80 18 48 132 17 160 33 12 66 10 9 130 65 96 6 129 5 3 16 32 8 4 64 128 2 1 0

SNR -16.000
255 254 253 251 247 239 249 252 250 223 246 245 238 243 237 235 231 191 221 248 244 222 242 219 241 236 234 233 215 230 190 127 220 229 189 218 207 240 227 187 217 214 232 183 126 213 125 175 159 188 228 123 119 95 111 63 211 206 186 205 226 185 216 203 199 225 182 181 179 174 173 171 167 124 155 157 158 151 122 212 121 143 117 118 109 107 93 87 91 110 94 115 103 79 61 62 59 55 47 31 210 209 204 202 201 184 198 197 195 224 180 178 177 170 172 166 169 165 154 150 149 156 153 163 147 142 141 116 106 86 139 90 105 108 85 102 83 114 89 120 54 53 92 78 77 101 58 60 46 51 45 75 57 43 113 135 39 99 71 29 30 27 23 15 208 200 196 194 193 164 148 168 176 162 146 152 140 138 84 145 82 137 52 76 44 161 74 42 100 50 41 104 81 73 88 38 37 49 134 56 70 26 28 98 35 133 25 69 22 21 19 112 97 67 131 14 13 11 7 192 136 36 40 144 72 20 68 80 132 34 160 24 48 18 33 17 12 66 10 9 130 96 65 129 6 5 3 16 8 32 4 64 128 2 1 0

SNR -15.500
255 254 253 252 251 250 249 247 246 245 239 223 243 237 238 235 231 191 222 221 248 242 244 241 219 236 234 233 215 230 190 229 220 189 127 207 218 227 217 187 240 214 232 213 183 126 228 188 125 175 211 206 159 123 119 226 186 111 95 63 205 216 185 203 225 182 199 181 212 179 174 124 173 171 167 158 157 151 155 122 121 210 143 118 117 115 110 109 107 93 91 103 87 79 61 62 94 59 55 47 209 31 204 184 202 201 198 224 197 195 180 178 177 172 170 169 166 165 150 156 154 149 163 153 147 142 141 139 90 120 106 116 85 108 114 102 105 86 89 92 83 101 58 78 54 53 77 60 57 46 75 45 135 51 113 43 99 39 71 30 29 27 23 208 15 200 196 194 193 176 164 168 148 162 146 140 152 145 138 161 84 137 82 52 76 100 42 74 44 41 50 73 88 104 81 38 134 37 56 28 49 98 26 133 70 35 25 69 22 21 19 112 97 67 131 14 13 11 7 192 136 144 36 40 72 20 160 132 80 68 34 24 18 48 17 33 12 66 10 130 9 65 96 129 6 5 3 16 8 32 4 64 128 2 1 0

SNR -15.000
255 254 253 252 251 250 249 247 246 245 243 239 238 237 223 235 191 231 222 244 221 219 242 248 236 234 241 215 233 230 190 229 220 189 127 218 207 227 187 217 240 214 213 232 183 188 126 228 211 206 175 125 186 226 205 216 123 159 185 225 119 111 95 203 63 182 212 199 181 179 210 174 124 173 171 167 209 158 122 157 121 151 155 204 143 117 118 115 107 110 109 91 103 87 93 94 79 61 62 59 55 184 47 31 202 224 201 198 197 180 195 178 177 172 170 169 166 165 163 154 156 150 149 153 208 147 142 120 141 139 116 106 114 90 86 85 102 105 108 92 89 135 78 83 101 58 77 54 113 53 60 75 46 51 57 43 45 99 39 71 30 29 27 23 15 200 196 194 193 176 164 168 148 162 146 152 140 161 138 145 137 84 76 100 82 52 74 134 42 50 41 73 88 44 104 81 133 38 37 70 56 98 49 26 28 25 35 69 112 22 21 131 19 97 67 13 14 11 7 192 136 144 160 36 40 72 132 20 68 24 34 80 18 48 17 33 130 12 66 10 9 129 96 65 6 5 3 16 8 32 4 128 64 2 1 0

SNR -14.500
255 254 253 252 251 250 249 247 246 245 243 239 238 237 235 231 223 191 222 221 219 215 248 244 242 241 233 236 229 230 190 234 127 220 207 189 227 218 187 217 214 240 213 183 232 211 228 188 206 126 186 226 175 125 205 216 185 225 123 203 182 159 212 119 181 111 199 95 63 210 179 124 174 209 204 173 171 122 167 184 158 121 157 155 151 202 143 118 117 115 224 109 107 110 103 91 87 93 94 79 62 201 59 55 61 47 31 180 198 197 195 178 177 172 208 170 169 166 165 163 156 154 120 150 153 149 147 142 141 116 139 114 106 108 105 90 135 113 86 102 85 101 89 92 78 77 83 53 54 58 60 75 57 45 43 51 99 46 200 39 71 30 29 27 23 15 196 194 193 176 164 168 162 148 146 161 152 140 138 145 137 84 134 76 42 82 52 100 133 74 104 44 41 73 50 88 38 81 37 49 112 98 70 28 56 26 25 69 131 35 22 21 97 19 67 14 13 11 7 192 160 136 144 132 40 36 72 20 68 24 34 80 18 48 130 17 33 12 66 10 129 9 96 65 6 5 3 16 32 8 128 4 64 2 1 0

SNR -14.000
255 254 253 252 251 250 249 247 246 245 243 239 238 237 235 231 223 222 191 219 221 215 244 248 242 236 233 241 190 234 189 230 229 207 218 227 127 220 187 217 183 214 213 240 211 232 206 188 228 126 205 186 175 125 226 185 216 203 225 182 123 212 159 181 210 199 119 179 174 124 209 204 111 95 63 173 184 122 202 171 158 121 167 224 157 201 155 180 118 151 117 143 115 198 110 109 107 103 87 91 93 94 79 61 59 55 47 62 197 178 31 195 177 208 172 170 169 120 166 165 163 156 154 153 149 150 200 147 142 116 141 139 114 113 106 135 108 105 102 90 86 101 85 89 92 78 83 77 58 54 53 75 99 46 57 51 45 60 43 39 196 71 29 30 27 23 194 15 176 193 168 164 162 161 148 152 146 140 138 145 137 134 133 100 84 104 74 82 52 112 76 42 73 41 44 50 88 98 38 81 131 37 70 49 28 56 26 69 25 22 35 21 97 19 67 14 13 11 7 192 160 144 136 132 40 36 72 20 68 130 24 34 80 18 48 17 33 129 66 12 10 96 9 65 6 5 3 16 8 32 128 4 64 2 1 0

SNR -13.500
255 254 253 252 251 250 249 247 246 245 243 239 238 237 235 231 223 222 221 219 191 215 248 242 127 244 236 241 234 207 187 190 189 229 230 220 233 227 218 183 217 213 214 211 240 206 232 188 175 205 186 126 228 125 185 226 203 216 182 225 212 123 181 159 210 199 179 119 174 209 204 124 173 184 111 202 122 95 171 63 201 158 224 180 121 167 157 198 118 155 117 178 151 197 115 143 110 208 109 177 107 103 172 87 195 91 93 94 79 61 59 55 47 62 31 170 169 120 200 166 165 156 163 154 153 150 116 149 147 114 142 141 139 113 196 135 106 108 105 102 101 176 86 90 85 89 194 78 83 92 99 77 54 53 58 75 46 45 57 51 60 43 193 71 39 30 29 27 23 15 168 164 162 161 148 152 146 140 145 138 137 134 112 133 100 84 104 82 76 74 131 52 98 44 42 73 50 88 41 81 38 70 56 37 49 28 26 69 97 25 35 22 21 19 67 192 14 13 11 7 160 144 136 132 130 72 36 40 68 20 34 80 24 129 18 48 17 33 66 12 96 10 9 65 6 5 3 16 32 128 8 4 64 2 1 0

SNR -13.000
255 254 253 252 251 250 249 247 246 245 243 239 238 237 235 231 223 222 221 219 215 207 191 190 189 127 187 241 248 242 234 229 233 244 230 236 183 220 227 217 218 214 213 211 175 206 188 240 205 126 186 232 185 125 228 203 182 181 226 216 123 225 212 159 199 210 179 174 119 209 204 173 124 202 184 122 111 171 201 180 158 121 224 95 198 167 63 118 178 157 197 117 155 208 172 177 115 151 110 195 143 109 107 170 103 94 91 93 87 79 61 200 55 59 47 62 120 169 31 166 156 165 163 116 154 196 153 114 150 149 176 147 113 141 142 139 194 135 108 106 105 193 102 101 99 90 86 85 92 89 78 77 83 75 54 53 58 46 51 57 43 45 60 71 39 30 168 29 27 23 15 164 162 161 152 148 146 140 145 138 112 137 134 133 104 100 131 84 192 98 74 82 76 73 88 42 52 44 50 81 41 97 38 70 37 69 26 49 28 56 25 21 22 35 19 67 14 13 11 7 160 144 136 132 130 36 72 40 129 20 68 80 24 18 34 48 96 17 33 66 12 10 9 65 6 5 3 128 16 8 32 4 64 2 1 0

SNR -12.500
255 254 253 252 251 250 249 248 247 246 245 244 243 242 241 239 238 237 236 235 234 231 223 222 221 219 215 207 191 190 189 187 127 233 183 230 229 218 217 220 227 214 213 175 211 206 188 205 126 125 203 240 186 185 182 232 123 228 226 181 216 159 199 225 179 212 119 210 174 173 209 204 124 202 171 184 122 111 201 180 158 121 198 167 178 157 118 224 197 95 172 117 177 155 208 63 195 170 115 110 151 109 169 200 120 143 107 94 166 103 156 93 91 87 79 61 62 55 165 59 47 31 196 116 163 154 176 153 114 194 150 113 149 147 108 142 193 141 139 106 135 168 105 102 101 99 92 90 86 89 85 78 83 77 75 54 58 53 60 46 45 71 51 43 57 39 30 164 29 27 23 162 15 161 152 148 112 146 145 138 140 137 192 134 133 104 100 131 98 84 82 97 74 76 88 73 42 52 81 44 70 41 50 38 69 37 26 28 49 56 25 22 35 21 67 19 14 13 11 7 160 144 136 132 130 129 72 68 36 40 96 20 80 24 34 18 48 66 17 33 12 10 65 9 6 5 3 128 16 32 8 4 64 2 1 0

SNR -12.000
255 254 253 252 251 250 249 248 247 246 245 244 243 242 241 239 238 237 236 235 234 233 231 229 223 222 221 219 217 215 207 191 190 189 187 183 175 127 227 218 230 214 213 220 206 126 211 205 188 125 185 203 182 240 181 123 159 186 228 119 232 226 216 212 199 174 179 225 210 209 173 204 171 124 202 184 122 201 111 180 121 158 167 198 157 178 118 197 177 224 117 172 95 155 170 208 195 115 110 63 169 151 109 200 120 166 156 143 107 94 165 116 196 103 154 93 176 91 163 87 62 79 153 61 114 59 47 55 194 31 150 113 108 168 149 193 147 142 106 141 139 105 135 102 101 164 99 92 90 89 86 85 83 77 78 75 162 58 54 53 60 71 46 45 57 43 161 51 152 30 39 29 27 23 15 112 148 192 146 145 140 138 137 104 134 133 100 131 98 97 84 82 88 76 74 73 81 52 42 70 44 41 50 69 38 37 28 56 26 49 25 22 21 67 35 160 19 14 13 11 7 144 136 132 130 129 96 72 68 40 80 36 20 24 34 18 66 48 17 33 12 10 65 9 6 5 3 128 16 8 32 64 4 2 1 0

SNR -11.500
255 254 253 252 251 250 249 248 247 246 245 244 243 242 241 239 238 237 236 235 234 233 231 230 229 227 223 222 221 220 219 218 217 215 214 213 207 206 191 190 189 187 183 175 127 126 211 123 125 188 205 159 203 186 182 185 199 179 240 174 119 181 228 232 225 216 210 212 226 171 173 209 124 111 204 202 122 158 167 184 201 121 198 157 180 118 178 197 155 117 177 172 95 170 224 115 195 110 208 169 151 109 166 120 200 156 63 165 107 116 154 143 196 94 176 103 163 93 114 153 194 150 91 113 108 168 62 87 61 79 193 149 59 55 47 31 106 147 142 164 105 141 139 102 92 135 101 162 99 152 90 89 161 86 85 83 78 112 77 75 60 71 58 53 54 57 46 45 51 43 148 39 30 29 192 27 23 15 146 145 104 140 138 137 134 100 133 98 131 97 88 160 84 82 74 76 81 73 70 69 42 52 44 41 50 38 56 49 37 26 67 28 25 22 21 35 19 14 13 11 7 144 136 132 130 129 96 72 68 80 40 36 20 66 34 18 24 48 12 65 17 33 10 9 6 5 3 128 16 8 32 64 4 2 1 0

SNR -11.000
255 254 253 252 251 250 249 248 247 246 245 244 243 242 241 239 238 237 236 235 234 233 231 230 229 227 223 222 221 220 219 218 217 215 214 213 211 207 206 205 203 191 190 189 188 187 183 175 159 127 126 125 123 119 199 186 181 185 179 182 174 240 232 111 226 173 228 216 225 204 209 212 171 202 124 157 167 201 210 158 121 122 155 198 118 184 197 117 180 95 178 177 172 115 170 195 151 110 169 224 109 166 208 107 156 120 165 63 200 143 154 116 94 196 163 153 103 114 176 93 150 194 108 113 168 91 149 193 62 106 87 164 61 147 142 79 105 59 55 47 102 141 31 92 162 152 101 139 161 90 135 99 112 89 148 86 85 60 83 192 77 78 75 146 58 71 57 53 54 104 51 45 46 145 43 39 29 30 27 23 140 15 138 100 137 134 98 133 160 131 97 88 84 82 81 74 76 73 70 69 56 52 67 50 42 41 44 38 37 49 26 28 144 22 25 21 35 19 14 13 11 7 136 132 130 96 129 80 72 68 66 36 40 20 24 65 34 18 48 12 17 33 10 9 6 5 3 128 64 16 8 32 4 2 1 0

SNR -10.500
255 254 253 252 251 250 249 248 247 246 245 244 243 242 241 239 238 237 236 235 234 233 231 230 229 227 223 222 221 220 219 218 217 215 214 213 211 207 206 205 203 199 191 190 189 188 187 186 185 183 182 181 179 175 159 127 126 125 123 119 174 111 173 171 167 240 124 226 158 232 95 157 204 225 122 202 216 212 210 118 201 209 228 121 155 197 180 184 151 117 198 195 178 172 177 110 109 115 169 170 166 224 156 63 107 165 143 120 154 208 94 200 116 163 153 93 103 196 114 150 176 113 108 194 149 91 168 106 193 62 147 164 87 105 142 61 102 92 141 162 152 79 59 101 161 90 139 55 112 47 148 31 99 89 135 86 146 192 60 104 85 83 145 78 58 77 140 75 57 71 54 53 100 51 45 43 46 138 39 30 29 27 23 160 137 15 98 134 88 97 133 131 84 82 81 144 76 74 73 70 56 69 52 67 50 42 44 41 49 38 37 26 28 22 25 21 35 19 14 136 13 11 7 132 96 130 129 80 72 68 66 36 40 65 20 48 34 24 18 17 12 33 10 9 6 5 3 128 64 16 8 32 4 2 1 0

SNR -10.000
255 254 253 252 251 250 249 248 247 246 245 244 243 242 241 239 238 237 236 235 234 233 231 230 229 227 223 222 221 220 219 218 217 215 214 213 211 207 206 205 203 199 191 190 189 188 187 186 185 183 182 181 179 175 174 173 171 167 159 157 127 126 125 123 119 111 95 124 240 122 232 121 158 216 225 228 155 212 204 226 210 117 110 209 115 118 202 198 197 180 201 151 109 172 184 177 178 170 169 107 195 166 165 143 63 94 93 154 156 120 208 103 163 116 224 153 91 114 150 200 149 196 113 108 176 106 194 147 87 168 62 105 193 142 164 102 61 92 141 162 101 152 79 90 59 139 161 148 112 89 99 55 86 146 135 104 47 60 85 31 192 145 140 78 83 100 58 77 57 138 75 71 54 98 160 88 53 137 51 46 97 45 43 39 134 29 30 27 23 133 15 84 131 144 82 81 76 56 74 73 70 69 67 52 50 136 49 42 44 41 38 96 37 26 28 22 35 25 21 19 132 14 13 11 130 7 129 80 72 68 66 65 48 36 40 20 34 24 18 33 17 12 10 9 6 5 3 128 64 16 8 32 4 2 1 0

SNR -9.500
255 254 253 252 251 250 249 248 247 246 245 244 243 242 241 240 239 238 237 236 235 234 233 232 231 230 229 228 227 226 223 222 221 220 219 218 217 215 214 213 211 207 206 205 203 199 191 190 189 188 187 186 185 183 182 181 179 175 174 173 171 167 159 158 157 155 151 127 126 125 124 123 122 121 119 118 117 115 111 95 216 210 63 225 209 110 202 184 212 109 180 107 177 201 197 198 178 204 172 170 143 195 103 94 165 166 169 93 154 156 120 91 153 150 114 163 224 116 149 208 108 113 196 200 87 106 176 194 147 105 62 142 168 61 102 141 193 92 164 101 79 90 162 59 139 152 89 99 161 148 86 112 55 146 135 85 104 60 145 140 47 78 83 192 100 58 138 77 31 57 88 98 54 137 160 75 97 134 53 71 84 51 46 133 45 43 144 82 39 30 131 29 27 23 81 15 76 56 74 136 73 70 52 96 69 67 50 49 132 44 42 41 38 37 26 28 35 130 22 25 21 19 129 14 13 11 80 7 72 68 66 65 48 36 40 34 20 24 18 33 12 17 10 9 128 6 5 3 64 32 8 16 4 2 1 0

SNR -9.000
255 254 253 252 251 250 249 248 247 246 245 244 243 242 241 240 239 238 237 236 235 234 233 232 231 230 229 227 226 225 223 222 221 220 219 218 217 216 215 214 213 212 211 210 209 207 206 205 204 203 201 199 191 190 189 188 187 186 185 183 182 181 179 175 174 173 171 167 159 158 157 155 151 143 127 126 125 124 123 122 121 119 118 117 115 111 110 109 107 103 95 63 180 228 184 202 93 198 178 170 195 169 91 197 94 172 166 177 165 156 163 87 153 116 120 154 150 62 149 61 113 142 147 208 114 105 200 106 224 196 79 108 194 59 102 101 141 168 92 193 176 139 164 99 90 162 89 152 86 161 55 85 135 148 112 146 60 104 145 83 78 140 47 58 100 77 138 57 98 192 88 137 54 75 31 97 84 160 134 53 71 82 133 46 51 144 45 76 81 131 56 43 30 39 29 74 27 136 23 15 73 52 96 70 50 69 132 49 67 44 80 42 130 41 129 38 37 28 35 26 25 22 21 19 14 13 11 72 7 68 66 48 65 40 36 34 128 20 33 24 18 12 17 10 9 6 5 3 64 32 16 8 4 2 1 0

SNR -8.500
255 254 253 252 251 250 249 248 247 246 245 244 243 242 241 240 239 238 237 236 235 234 233 232 231 230 229 228 227 226 225 223 222 221 220 219 218 217 216 215 214 213 212 211 210 209 207 206 205 204 203 202 201 199 198 197 191 190 189 188 187 186 185 184 183 182 181 180 179 178 177 175 174 173 171 170 167 166 159 158 157 155 151 143 127 126 125 124 123 122 121 119 118 117 115 111 110 109 107 103 95 94 93 91 87 63 165 172 156 195 169 163 149 62 154 153 120 113 150 116 114 59 79 147 108 105 102 106 208 61 55 101 142 224 141 90 200 92 176 194 86 99 168 139 162 135 196 164 85 148 89 193 152 161 83 47 78 60 146 112 104 58 145 77 140 57 100 138 54 75 137 98 88 53 31 97 192 84 134 71 160 82 46 133 51 76 45 81 144 56 131 74 43 30 136 52 73 39 96 29 70 27 50 23 132 15 69 49 44 80 67 130 42 41 129 38 37 72 28 35 26 25 22 21 19 14 13 11 68 7 48 66 65 40 128 36 34 33 24 20 18 12 10 17 9 6 5 3 64 32 8 16 4 2 1 0

SNR -8.000
255 254 253 252 251 250 249 248 247 246 245 244 243 242 241 240 239 238 237 236 235 234 233 232 231 230 229 228 227 226 225 223 222 221 220 219 218 217 216 215 214 213 212 211 210 209 207 206 205 204 203 202 201 199 198 197 195 191 190 189 188 187 186 185 184 183 182 181 180 179 178 177 175 174 173 172 171 170 169 167 166 165 163 159 158 157 156 155 153 151 143 127 126 125 124 123 122 121 120 119 118 117 115 111 110 109 107 103 95 94 93 91 87 79 63 62 150 116 59 61 108 149 147 106 154 113 142 102 55 114 139 141 101 105 92 99 90 89 86 85 208 135 224 47 200 196 176 60 193 164 162 194 83 78 168 161 152 148 77 75 58 146 57 140 112 104 145 54 138 53 100 31 137 98 88 51 71 97 134 84 46 82 133 192 45 76 81 160 56 74 43 131 144 52 30 73 136 39 70 50 29 96 69 44 49 132 27 80 42 23 67 130 15 41 72 129 38 28 37 35 26 68 48 25 22 21 19 66 14 13 11 65 7 40 128 36 34 33 24 20 18 17 12 10 9 6 5 64 3 32 16 8 4 2 1 0

SNR -7.500
255 254 253 252 251 250 249 248 247 246 245 244 243 242 241 240 239 238 237 236 235 234 233 232 231 230 229 228 227 226 225 223 222 221 220 219 218 217 216 215 214 213 212 211 210 209 207 206 205 204 203 202 201 199 198 197 195 191 190 189 188 187 186 185 184 183 182 181 180 179 178 177 175 174 173 172 171 170 169 167 166 165 163 159 158 157 156 155 154 153 151 150 149 147 143 142 127 126 125 124 123 122 121 120 119 118 117 116 115 114 113 111 110 109 108 107 105 103 102 101 95 94 93 92 91 87 79 63 62 61 59 55 47 106 90 139 86 135 85 89 141 99 83 200 224 78 176 60 196 77 58 152 193 57 31 162 168 194 208 53 164 54 75 146 148 145 112 161 51 138 100 140 45 137 88 104 98 71 84 46 82 133 97 134 43 81 76 192 56 74 131 160 30 73 52 39 29 144 70 50 136 69 44 49 27 96 132 42 67 80 41 23 130 72 38 28 129 15 37 26 68 48 35 25 66 22 40 21 65 19 14 13 11 7 128 36 34 24 33 20 18 64 17 12 10 9 6 5 3 32 16 8 4 2 1 0

SNR -7.000
255 254 253 252 251 250 249 248 247 246 245 244 243 242 241 240 239 238 237 236 235 234 233 232 231 230 229 228 227 226 225 223 222 221 220 219 218 217 216 215 214 213 212 211 210 209 207 206 205 204 203 202 201 199 198 197 195 191 190 189 188 187 186 185 184 183 182 181 180 179 178 177 175 174 173 172 171 170 169 167 166 165 163 159 158 157 156 155 154 153 151 150 149 147 143 142 141 139 135 127 126 125 124 123 122 121 120 119 118 117 116 115 114 113 111 110 109 108 107 106 105 103 102 101 99 95 94 93 92 91 90 89 87 86 85 83 79 63 62 61 59 55 47 31 60 78 58 224 200 208 57 77 53 75 54 176 196 193 46 164 152 168 194 71 161 148 51 162 145 140 112 146 138 104 45 137 100 84 88 134 98 82 43 97 39 133 76 81 30 74 56 131 73 52 29 192 70 69 50 160 27 49 44 144 42 136 67 96 41 23 132 80 38 130 28 72 37 129 15 26 68 48 35 25 66 22 40 21 65 19 36 14 13 128 11 34 24 7 33 20 64 18 17 12 10 9 6 5 3 32 16 8 4 2 1 0

SNR -6.500
255 254 253 252 251 250 249 248 247 246 245 244 243 242 241 240 239 238 237 236 235 234 233 232 231 230 229 228 227 226 225 223 222 221 220 219 218 217 216 215 214 213 212 211 210 209 207 206 205 204 203 202 201 199 198 197 195 191 190 189 188 187 186 185 184 183 182 181 180 179 178 177 175 174 173 172 171 170 169 167 166 165 163 159 158 157 156 155 154 153 151 150 149 147 143 142 141 139 135 127 126 125 124 123 122 121 120 119 118 117 116 115 114 113 111 110 109 108 107 106 105 103 102 101 99 95 94 93 92 91 90 89 87 86 85 83 79 78 77 75 71 63 62 61 60 59 58 57 55 54 53 47 46 31 200 194 224 51 168 196 208 43 164 45 176 162 39 161 112 140 193 152 145 104 100 30 88 148 146 98 82 97 29 134 137 138 27 76 133 74 84 73 131 56 81 52 50 70 42 67 192 49 160 69 23 44 41 144 38 136 37 96 132 28 80 15 26 130 25 72 35 129 68 22 48 66 21 40 65 36 19 14 13 34 24 128 11 33 20 7 18 64 17 12 10 9 32 6 5 3 16 8 4 2 1 0

SNR -6.000
255 254 253 252 251 250 249 248 247 246 245 244 243 242 241 240 239 238 237 236 235 234 233 232 231 230 229 228 227 226 225 224 223 222 221 220 219 218 217 216 215 214 213 212 211 210 209 208 207 206 205 204 203 202 201 200 199 198 197 196 195 194 193 191 190 189 188 187 186 185 184 183 182 181 180 179 178 177 175 174 173 172 171 170 169 168 167 166 165 163 159 158 157 156 155 154 153 152 151 150 149 147 143 142 141 139 135 127 126 125 124 123 122 121 120 119 118 117 116 115 114 113 111 110 109 108 107 106 105 103 102 101 99 95 94 93 92 91 90 89 87 86 85 83 79 78 77 75 71 63 62 61 60 59 58 57 55 54 53 51 47 46 45 43 39 31 176 29 162 164 161 30 140 104 112 137 138 100 145 146 148 98 27 133 88 23 82 84 97 76 81 134 131 73 70 56 49 52 44 74 67 42 50 41 69 38 192 160 28 37 144 35 136 80 96 15 25 132 26 130 22 72 129 21 68 48 66 19 40 14 65 36 13 34 24 11 33 20 128 18 7 64 17 12 10 32 9 6 5 3 16 8 4 2 1 0

SNR -5.500
255 254 253 252 251 250 249 248 247 246 245 244 243 242 241 240 239 238 237 236 235 234 233 232 231 230 229 228 227 226 225 224 223 222 221 220 219 218 217 216 215 214 213 212 211 210 209 208 207 206 205 204 203 202 201 200 199 198 197 196 195 194 193 191 190 189 188 187 186 185 184 183 182 181 180 179 178 177 176 175 174 173 172 171 170 169 168 167 166 165 164 163 162 161 159 158 157 156 155 154 153 152 151 150 149 148 147 146 145 143 142 141 139 138 135 134 127 126 125 124 123 122 121 120 119 118 117 116 115 114 113 112 111 110 109 108 107 106 105 104 103 102 101 100 99 98 97 95 94 93 92 91 90 89 87 86 85 83 79 78 77 75 71 63 62 61 60 59 58 57 55 54 53 51 47 46 45 43 39 31 30 29 27 23 133 82 81 88 140 137 76 131 74 73 84 15 52 49 50 67 70 69 41 44 42 56 37 38 35 192 26 144 28 160 96 136 21 25 22 80 129 72 132 19 130 68 48 14 13 66 40 65 36 11 34 24 33 20 18 7 128 17 12 64 10 9 32 6 5 16 3 8 4 2 1 0

SNR -5.000
255 254 253 252 251 250 249 248 247 246 245 244 243 242 241 240 239 238 237 236 235 234 233 232 231 230 229 228 227 226 225 224 223 222 221 220 219 218 217 216 215 214 213 212 211 210 209 208 207 206 205 204 203 202 201 200 199 198 197 196 195 194 193 191 190 189 188 187 186 185 184 183 182 181 180 179 178 177 176 175 174 173 172 171 170 169 168 167 166 165 164 163 162 161 159 158 157 156 155 154 153 152 151 150 149 148 147 146 145 143 142 141 140 139 138 137 135 134 133 131 127 126 125 124 123 122 121 120 119 118 117 116 115 114 113 112 111 110 109 108 107 106 105 104 103 102 101 100 99 98 97 95 94 93 92 91 90 89 88 87 86 85 84 83 82 81 79 78 77 76 75 74 73 71 70 63 62 61 60 59 58 57 56 55 54 53 52 51 47 46 45 43 39 31 30 29 27 23 15 42 67 69 50 44 38 26 37 49 22 28 25 41 21 35 160 192 132 80 144 13 96 14 136 19 68 66 130 11 129 72 48 36 40 65 34 33 24 7 20 18 17 12 10 128 9 64 6 32 5 16 3 8 4 2 1 0

SNR -4.500
255 254 253 252 251 250 249 248 247 246 245 244 243 242 241 240 239 238 237 236 235 234 233 232 231 230 229 228 227 226 225 224 223 222 221 220 219 218 217 216 215 214 213 212 211 210 209 208 207 206 205 204 203 202 201 200 199 198 197 196 195 194 193 191 190 189 188 187 186 185 184 183 182 181 180 179 178 177 176 175 174 173 172 171 170 169 168 167 166 165 164 163 162 161 159 158 157 156 155 154 153 152 151 150 149 148 147 146 145 143 142 141 140 139 138 137 135 134 133 131 127 126 125 124 123 122 121 120 119 118 117 116 115 114 113 112 111 110 109 108 107 106 105 104 103 102 101 100 99 98 97 95 94 93 92 91 90 89 88 87 86 85 84 83 82 81 79 78 77 76 75 74 73 71 70 69 67 63 62 61 60 59 58 57 56 55 54 53 52 51 50 49 47 46 45 44 43 42 41 39 37 35 31 30 29 28 27 26 25 23 22 15 21 38 19 14 13 192 11 144 160 96 130 80 136 48 129 7 72 132 68 66 65 40 20 33 36 34 18 24 17 12 10 9 128 6 64 5 32 3 16 8 4 2 1 0

SNR -4.000
255 254 253 252 251 250 249 248 247 246 245 244 243 242 241 240 239 238 237 236 235 234 233 232 231 230 229 228 227 226 225 224 223 222 221 220 219 218 217 216 215 214 213 212 211 210 209 208 207 206 205 204 203 202 201 200 199 198 197 196 195 194 193 191 190 189 188 187 186 185 184 183 182 181 180 179 178 177 176 175 174 173 172 171 170 169 168 167 166 165 164 163 162 161 159 158 157 156 155 154 153 152 151 150 149 148 147 146 145 143 142 141 140 139 138 137 135 134 133 131 127 126 125 124 123 122 121 120 119 118 117 116 115 114 113 112 111 110 109 108 107 106 105 104 103 102 101 100 99 98 97 95 94 93 92 91 90 89 88 87 86 85 84 83 82 81 79 78 77 76 75 74 73 71 70 69 67 63 62 61 60 59 58 57 56 55 54 53 52 51 50 49 47 46 45 44 43 42 41 39 38 37 35 31 30 29 28 27 26 25 23 22 21 19 15 14 13 11 7 192 160 132 144 80 136 96 72 68 129 130 48 66 40 34 65 20 33 36 18 17 12 24 10 9 6 5 128 64 3 32 16 8 4 2 1 0

SNR -3.500
255 254 253 252 251 250 249 248 247 246 245 244 243 242 241 240 239 238 237 236 235 234 233 232 231 230 229 228 227 226 225 224 223 222 221 220 219 218 217 216 215 214 213 212 211 210 209 208 207 206 205 204 203 202 201 200 199 198 197 196 195 194 193 191 190 189 188 187 186 185 184 183 182 181 180 179 178 177 176 175 174 173 172 171 170 169 168 167 166 165 164 163 162 161 159 158 157 156 155 154 153 152 151 150 149 148 147 146 145 143 142 141 140 139 138 137 135 134 133 131 127 126 125 124 123 122 121 120 119 118 117 116 115 114 113 112 111 110 109 108 107 106 105 104 103 102 101 100 99 98 97 95 94 93 92 91 90 89 88 87 86 85 84 83 82 81 79 78 77 76 75 74 73 71 70 69 67 63 62 61 60 59 58 57 56 55 54 53 52 51 50 49 47 46 45 44 43 42 41 39 38 37 35 31 30 29 28 27 26 25 23 22 21 19 15 14 13 11 7 192 160 136 96 80 130 144 132 68 72 66 36 129 40 18 48 24 33 65 20 17 12 34 6 10 5 9 3 128 64 32 16 8 4 2 1 0

SNR -3.000
255 254 253 252 251 250 249 248 247 246 245 244 243 242 241 240 239 238 237 236 235 234 233 232 231 230 229 228 227 226 225 224 223 222 221 220 219 218 217 216 215 214 213 212 211 210 209 208 207 206 205 204 203 202 201 200 199 198 197 196 195 194 193 192 191 190 189 188 187 186 185 184 183 182 181 180 179 178 177 176 175 174 173 172 171 170 169 168 167 166 165 164 163 162 161 160 159 158 157 156 155 154 153 152 151 150 149 148 147 146 145 144 143 142 141 140 139 138 137 135 134 133 132 131 130 127 126 125 124 123 122 121 120 119 118 117 116 115 114 113 112 111 110 109 108 107 106 105 104 103 102 101 100 99 98 97 96 95 94 93 92 91 90 89 88 87 86 85 84 83 82 81 79 78 77 76 75 74 73 71 70 69 68 67 63 62 61 60 59 58 57 56 55 54 53 52 51 50 49 47 46 45 44 43 42 41 39 38 37 35 31 30 29 28 27 26 25 23 22 21 19 15 14 13 11 7 48 40 136 72 80 65 129 24 20 66 33 34 12 17 36 18 10 6 5 9 3 128 32 64 16 8 4 2 1 0

SNR -2.500
255 254 253 252 251 250 249 248 247 246 245 244 243 242 241 240 239 238 237 236 235 234 233 232 231 230 229 228 227 226 225 224 223 222 221 220 219 218 217 216 215 214 213 212 211 210 209 208 207 206 205 204 203 202 201 200 199 198 197 196 195 194 193 192 191 190 189 188 187 186 185 184 183 182 181 180 179 178 177 176 175 174 173 172 171 170 169 168 167 166 165 164 163 162 161 160 159 158 157 156 155 154 153 152 151 150 149 148 147 146 145 144 143 142 141 140 139 138 137 136 135 134 133 132 131 130 129 127 126 125 124 123 122 121 120 119 118 117 116 115 114 113 112 111 110 109 108 107 106 105 104 103 102 101 100 99 98 97 96 95 94 93 92 91 90 89 88 87 86 85 84 83 82 81 80 79 78 77 76 75 74 73 72 71 70 69 68 67 66 65 63 62 61 60 59 58 57 56 55 54 53 52 51 50 49 48 47 46 45 44 43 42 41 40 39 38 37 36 35 34 33 31 30 29 28 27 26 25 24 23 22 21 20 19 18 15 14 13 11 7 10 17 12 9 6 3 5 128 64 16 32 8 2 4 1 0

SNR -2.000
255 254 253 252 251 250 249 248 247 246 245 244 243 242 241 240 239 238 237 236 235 234 233 232 231 230 229 228 227 226 225 224 223 222 221 220 219 218 217 216 215 214 213 212 211 210 209 208 207 206 205 204 203 202 201 200 199 198 197 196 195 194 193 192 191 190 189 188 187 186 185 184 183 182 181 180 179 178 177 176 175 174 173 172 171 170 169 168 167 166 165 164 163 162 161 160 159 158 157 156 155 154 153 152 151 150 149 148 147 146 145 144 143 142 141 140 139 138 137 136 135 134 133 132 131 130 129 127 126 125 124 123 122 121 120 119 118 117 116 115 114 113 112 111 110 109 108 107 106 105 104 103 102 101 100 99 98 97 96 95 94 93 92 91 90 89 88 87 86 85 84 83 82 81 80 79 78 77 76 75 74 73 72 71 70 69 68 67 66 65 63 62 61 60 59 58 57 56 55 54 53 52 51 50 49 48 47 46 45 44 43 42 41 40 39 38 37 36 35 34 33 31 30 29 28 27 26 25 24 23 22 21 20 19 18 17 15 14 13 12 11 10 7 6 5 3 9 128 64 16 4 2 32 8 1 0

SNR -1.500
255 254 253 252 251 250 249 248 247 246 245 244 243 242 241 240 239 238 237 236 235 234 233 232 231 230 229 228 227 226 225 224 223 222 221 220 219 218 217 216 215 214 213 212 211 210 209 208 207 206 205 204 203 202 201 200 199 198 197 196 195 194 193 192 191 190 189 188 187 186 185 184 183 182 181 180 179 178 177 176 175 174 173 172 171 170 169 168 167 166 165 164 163 162 161 160 159 158 157 156 155 154 153 152 151 150 149 148 147 146 145 144 143 142 141 140 139 138 137 136 135 134 133 132 131 130 129 127 126 125 124 123 122 121 120 119 118 117 116 115 114 113 112 111 110 109 108 107 106 105 104 103 102 101 100 99 98 97 96 95 94 93 92 91 90 89 88 87 86 85 84 83 82 81 80 79 78 77 76 75 74 73 72 71 70 69 68 67 66 65 63 62 61 60 59 58 57 56 55 54 53 52 51 50 49 48 47 46 45 44 43 42 41 40 39 38 37 36 35 34 33 31 30 29 28 27 26 25 24 23 22 21 20 19 18 17 15 14 13 12 11 10 9 7 6 5 3 128 64 32 8 4 16 1 2 0

SNR -1.000
255 254 253 252 251 250 249 248 247 246 245 244 243 242 241 240 239 238 237 236 235 234 233 232 231 230 229 228 227 226 225 224 223 222 221 220 219 218 217 216 215 214 213 212 211 210 209 208 207 206 205 204 203 202 201 200 199 198 197 196 195 194 193 192 191 190 189 188 187 186 185 184 183 182 181 180 179 178 177 176 175 174 173 172 171 170 169 168 167 166 165 164 163 162 161 160 159 158 157 156 155 154 153 152 151 150 149 148 147 146 145 144 143 142 141 140 139 138 137 136 135 134 133 132 131 130 129 127 126 125 124 123 122 121 120 119 118 117 116 115 114 113 112 111 110 109 108 107 106 105 104 103 102 101 100 99 98 97 96 95 94 93 92 91 90 89 88 87 86 85 84 83 82 81 80 79 78 77 76 75 74 73 72 71 70 69 68 67 66 65 63 62 61 60 59 58 57 56 55 54 53 52 51 50 49 48 47 46 45 44 43 42 41 40 39 38 37 36 35 34 33 31 30 29 28 27 26 25 24 23 22 21 20 19 18 17 15 14 13 12 11 10 9 7 6 5 3 128 32 64 16 1 8 2 4 0

SNR -0.500
255 254 253 252 251 250 249 248 247 246 245 244 243 242 241 240 239 238 237 236 235 234 233 232 231 230 229 228 227 226 225 224 223 222 221 220 219 218 217 216 215 214 213 212 211 210 209 208 207 206 205 204 203 202 201 200 199 198 197 196 195 194 193 192 191 190 189 188 187 186 185 184 183 182 181 180 179 178 177 176 175 174 173 172 171 170 169 168 167 166 165 164 163 162 161 160 159 158 157 156 155 154 153 152 151 150 149 148 147 146 145 144 143 142 141 140 139 138 137 136 135 134 133 132 131 130 129 127 126 125 124 123 122 121 120 119 118 117 116 115 114 113 112 111 110 109 108 107 106 105 104 103 102 101 100 99 98 97 96 95 94 93 92 91 90 89 88 87 86 85 84 83 82 81 80 79 78 77 76 75 74 73 72 71 70 69 68 67 66 65 63 62 61 60 59 58 57 56 55 54 53 52 51 50 49 48 47 46 45 44 43 42 41 40 39 38 37 36 35 34 33 31 30 29 28 27 26 25 24 23 22 21 20 19 18 17 15 14 13 12 11 10 9 7 6 5 3 128 64 32 16 8 4 2 1 0

SNR 0.000
255 254 253 252 251 250 249 248 247 246 245 244 243 242 241 240 239 238 237 236 235 234 233 232 231 230 229 228 227 226 225 224 223 222 221 220 219 218 217 216 215 214 213 212 211 210 209 208 207 206 205 204 203 202 201 200 199 198 197 196 195 194 193 192 191 190 189 188 187 186 185 184 183 182 181 180 179 178 177 176 175 174 173 172 171 170 169 168 167 166 165 164 163 162 161 160 159 158 157 156 155 154 153 152 151 150 149 148 147 146 145 144 143 142 141 140 139 138 137 136 135 134 133 132 131 130 129 128 127 126 125 124 123 122 121 120 119 118 117 116 115 114 113 112 111 110 109 108 107 106 105 104 103 102 101 100 99 98 97 96 95 94 93 92 91 90 89 88 87 86 85 84 83 82 81 80 79 78 77 76 75 74 73 72 71 70 69 68 67 66 65 64 63 62 61 60 59 58 57 56 55 54 53 52 51 50 49 48 47 46 45 44 43 42 41 40 39 38 37 36 35 34 33 32 31 30 29 28 27 26 25 24 23 22 21 20 19 18 17 16 15 14 13 12 11 10 9 8 7 6 5 3 1 4 2 0

SNR 0.500
255 254 253 252 251 250 249 248 247 246 245 244 243 242 241 240 239 238 237 236 235 234 233 232 231 230 229 228 227 226 225 224 223 222 221 220 219 218 217 216 215 214 213 212 211 210 209 208 207 206 205 204 203 202 201 200 199 198 197 196 195 194 193 192 191 190 189 188 187 186 185 184 183 182 181 180 179 178 177 176 175 174 173 172 171 170 169 168 167 166 165 164 163 162 161 160 159 158 157 156 155 154 153 152 151 150 149 148 147 146 145 144 143 142 141 140 139 138 137 136 135 134 133 132 131 130 129 128 127 126 125 124 123 122 121 120 119 118 117 116 115 114 113 112 111 110 109 108 107 106 105 104 103 102 101 100 99 98 97 96 95 94 93 92 91 90 89 88 87 86 85 84 83 82 81 80 79 78 77 76 75 74 73 72 71 70 69 68 67 66 65 64 63 62 61 60 59 58 57 56 55 54 53 52 51 50 49 48 47 46 45 44 43 42 41 40 39 38 37 36 35 34 33 32 31 30 29 28 27 26 25 24 23 22 21 20 19 18 17 16 15 14 13 12 11 10 9 8 7 6 5 4 3 2 1 0

SNR 1.000
255 254 253 252 251 250 249 248 247 246 245 244 243 242 241 240 239 238 237 236 235 234 233 232 231 230 229 228 227 226 225 224 223 222 221 220 219 218 217 216 215 214 213 212 211 210 209 208 207 206 205 204 203 202 201 200 199 198 197 196 195 194 193 192 191 190 189 188 187 186 185 184 183 182 181 180 179 178 177 176 175 174 173 172 171 170 169 168 167 166 165 164 163 162 161 160 159 158 157 156 155 154 153 152 151 150 149 148 147 146 145 144 143 142 141 140 139 138 137 136 135 134 133 132 131 130 129 128 127 126 125 124 123 122 121 120 119 118 117 116 115 114 113 112 111 110 109 108 107 106 105 104 103 102 101 100 99 98 97 96 95 94 93 92 91 90 89 88 87 86 85 84 83 82 81 80 79 78 77 76 75 74 73 72 71 70 69 68 67 66 65 64 63 62 61 60 59 58 57 56 55 54 53 52 51 50 49 48 47 46 45 44 43 42 41 40 39 38 37 36 35 34 33 32 31 30 29 28 27 26 25 24 23 22 21 20 19 18 17 16 15 14 13 12 11 10 9 8 7 6 5 4 3 2 1 0

SNR 1.500
255 254 253 252 251 250 249 248 247 246 245 244 243 242 241 240 239 238 237 236 235 234 233 232 231 230 229 228 227 226 225 224 223 222 221 220 219 218 217 216 215 214 213 212 211 210 209 208 207 206 205 204 203 202 201 200 199 198 197 196 195 194 193 192 191 190 189 188 187 186 185 184 183 182 181 180 179 178 177 176 175 174 173 172 171 170 169 168 167 166 165 164 163 162 161 160 159 158 157 156 155 154 153 152 151 150 149 148 147 146 145 144 143 142 141 140 139 138 137 136 135 134 133 132 131 130 129 128 127 126 125 124 123 122 121 120 119 118 117 116 115 114 113 112 111 110 109 108 107 106 105 104 103 102 101 100 99 98 97 96 95 94 93 92 91 90 89 88 87 86 85 84 83 82 81 80 79 78 77 76 75 74 73 72 71 70 69 68 67 66 65 64 63 62 61 60 59 58 57 56 55 54 53 52 51 50 49 48 47 46 45 44 43 42 41 40 39 38 37 36 35 34 33 32 31 30 29 28 27 26 25 24 23 22 21 20 19 18 17 16 15 14 13 12 11 10 9 8 7 6 5 4 3 2 1 0

SNR 2.000
255 254 253 252 251 250 249 248 247 246 245 244 243 242 241 240 239 238 237 236 235 234 233 232 231 230 229 228 227 226 225 224 223 222 221 220 219 218 217 216 215 214 213 212 211 210 209 208 207 206 205 204 203 202 201 200 199 198 197 196 195 194 193 192 191 190 189 188 187 186 185 184 183 182 181 180 179 178 177 176 175 174 173 172 171 170 169 168 167 166 165 164 163 162 161 160 159 158 157 156 155 154 153 152 151 150 149 148 147 146 145 144 143 142 141 140 139 138 137 136 135 134 133 132 131 130 129 128 127 126 125 124 123 122 121 120 119 118 117 116 115 114 113 112 111 110 109 108 107 106 105 104 103 102 101 100 99 98 97 96 95 94 93 92 91 90 89 88 87 86 85 84 83 82 81 80 79 78 77 76 75 74 73 72 71 70 69 68 67 66 65 64 63 62 61 60 59 58 57 56 55 54 53 52 51 50 49 48 47 46 45 44 43 42 41 40 39 38 37 36 35 34 33 32 31 30 29 28 27 26 25 24 23 22 21 20 19 18 17 16 15 14 13 12 11 10 9 8 7 6 5 4 3 2 1 0

SNR 2.500
255 254 253 252 251 250 249 248 247 246 245 244 243 242 241 240 239 238 237 236 235 234 233 232 231 230 229 228 227 226 225 224 223 222 221 220 219 218 217 216 215 214 213 212 211 210 209 208 207 206 205 204 203 202 201 200 199 198 197 196 195 194 193 192 191 190 189 188 187 186 185 184 183 182 181 180 179 178 177 176 175 174 173 172 171 170 169 168 167 166 165 164 163 162 161 160 159 158 157 156 155 154 153 152 151 150 149 148 147 146 145 144 143 142 141 140 139 138 137 136 135 134 133 132 131 130 129 128 127 126 125 124 123 122 121 120 119 118 117 116 115 114 113 112 111 110 109 108 107 106 105 104 103 102 101 100 99 98 97 96 95 94 93 92 91 90 89 88 87 86 85 84 83 82 81 80 79 78 77 76 75 74 73 72 71 70 69 68 67 66 65 64 63 62 61 60 59 58 57 56 55 54 53 52 51 50 49 48 47 46 45 44 43 42 41 40 39 38 37 36 35 34 33 32 31 30 29 28 27 26 25 24 23 22 21 20 19 18 17 16 15 14 13 12 11 10 9 8 7 6 5 4 3 2 1 0

