SNR -22.000
511 510 509 507 503 508 505 506 495 502 501 499 479 494 493 504 491 500 447 478 498 383 487 255 477 497 492 475 471 446 463 445 490 439 443 431 415 351 367 381 375 127 379 319 191 382 253 254 247 251 223 239 489 486 476 485 483 496 474 473 470 469 467 462 461 459 455 444 438 442 437 441 429 427 435 430 414 423 413 411 366 407 350 363 349 365 373 343 347 374 359 378 335 318 377 183 246 371 380 399 317 303 245 190 189 250 222 215 235 126 219 311 125 221 237 315 175 207 238 187 159 249 243 252 231 123 95 111 287 119 63 488 484 482 481 472 468 466 460 458 465 457 454 426 453 436 425 428 434 410 422 421 412 409 406 346 405 341 362 345 342 339 361 348 357 403 433 451 364 358 234 440 218 214 372 309 181 310 419 182 171 167 179 213 331 244 316 333 173 334 211 220 313 307 217 301 302 370 299 186 398 314 122 174 205 206 233 107 158 242 188 397 236 230 185 203 121 295 103 124 155 157 118 109 87 117 151 327 229 355 91 110 115 93 79 369 94 395 376 199 143 285 286 283 241 227 279 55 391 59 62 61 248 47 271 31 480 456 464 452 340 420 424 404 338 180 308 170 169 165 356 172 166 212 300 297 408 332 106 402 330 306 178 298 210 329 204 108 344 105 116 202 153 360 89 85 337 90 401 154 83 150 396 156 92 201 149 102 418 86 147 209 450 163 101 114 293 312 394 177 294 305 228 216 284 120 326 75 232 77 393 99 354 282 78 281 291 325 198 184 113 432 278 142 60 277 57 141 197 53 58 71 51 417 139 54 275 226 449 45 43 39 46 353 390 323 368 195 135 389 225 240 270 269 30 27 29 267 23 387 263 15 164 84 148 76 296 82 100 292 168 146 88 152 74 73 81 328 104 145 52 276 200 140 162 290 324 196 138 50 280 98 44 42 41 336 137 56 70 274 392 49 400 69 208 37 161 304 38 176 112 273 97 289 35 268 67 322 28 26 25 388 194 134 133 266 416 265 21 22 19 321 352 448 193 131 224 386 262 14 13 261 11 385 259 7 72 68 40 36 80 136 144 48 34 24 20 132 66 272 18 33 96 160 264 288 65 17 12 130 10 260 9 320 192 129 6 258 5 384 257 3 16 32 64 8 4 128 2 256 1 0

SNR -21.500
511 510 509 507 503 495 506 508 505 502 501 499 479 494 493 504 491 500 447 498 478 487 383 477 497 255 492 475 490 446 471 463 445 489 443 431 415 439 382 375 381 367 319 379 351 253 251 191 223 254 239 127 247 486 476 485 483 496 474 473 470 469 467 461 462 459 444 455 442 441 437 429 430 427 438 414 423 413 435 411 407 488 378 373 374 366 365 363 335 343 347 377 371 350 359 380 349 250 318 399 222 311 245 317 221 175 238 159 219 246 237 315 215 207 190 183 303 235 187 252 189 231 249 243 125 111 126 95 123 119 287 63 484 482 481 472 468 466 465 460 458 457 454 453 426 428 422 425 436 412 410 421 451 409 405 406 434 346 440 403 362 341 345 364 342 334 339 361 333 419 433 213 218 358 234 331 310 167 348 372 171 214 309 370 357 211 314 173 181 220 174 316 179 206 301 217 186 307 398 313 302 397 236 203 182 155 299 157 233 151 205 158 230 185 122 244 107 295 229 117 242 87 188 103 395 110 327 91 376 355 115 121 118 109 369 79 124 93 199 286 94 143 285 227 241 283 279 61 62 59 55 248 391 47 271 31 480 456 452 464 420 404 402 340 424 212 170 408 169 332 172 308 300 330 338 450 180 202 153 166 356 165 154 204 396 401 298 297 329 178 156 106 210 116 337 150 105 418 149 90 344 85 306 201 83 108 89 102 114 92 101 147 293 394 294 228 177 163 360 305 209 312 86 393 232 216 75 77 282 284 78 326 281 113 99 354 184 141 291 60 58 198 325 142 449 417 57 71 53 120 51 197 54 278 139 277 226 432 43 275 45 390 39 46 323 353 368 195 389 135 225 270 240 269 30 27 29 267 387 23 263 15 84 164 148 100 168 76 152 82 292 296 88 328 146 74 200 73 104 140 81 52 162 145 324 138 276 50 42 44 98 41 137 400 196 290 56 336 280 208 176 392 70 69 304 49 274 161 37 38 112 97 273 268 289 35 67 388 28 134 322 26 25 416 133 194 266 265 21 22 448 321 19 352 193 131 224 386 262 14 261 13 11 385 259 7 72 68 80 36 40 136 144 48 34 66 24 20 132 272 160 33 18 264 288 96 65 17 12 130 10 260 9 320 192 129 258 6 384 5 257 3 32 16 8 64 4 128 2 256 1 0

SNR -21.000
511 510 509 507 503 495 508 506 501 505 502 479 499 494 493 491 504 500 498 447 478 487 477 497 492 383 475 255 490 446 471 489 445 463 486 443 439 431 415 476 382 381 319 351 379 375 367 253 127 223 247 191 254 251 239 485 496 483 474 473 470 469 467 488 462 461 459 444 455 442 441 437 429 438 430 427 435 423 411 414 413 407 365 378 373 380 366 347 374 399 363 318 349 343 335 377 359 350 371 311 317 246 237 315 221 175 235 238 250 245 159 219 215 126 183 303 187 190 231 243 252 207 222 125 249 189 123 111 119 95 287 63 484 482 481 472 468 466 465 458 460 457 454 453 426 428 436 425 422 434 451 410 421 440 409 412 406 405 403 346 342 433 362 364 372 339 341 309 361 419 310 398 397 345 334 358 370 218 348 307 314 357 234 333 167 171 213 182 173 181 214 186 331 217 313 299 301 236 302 316 174 179 233 230 211 118 395 220 244 109 185 117 155 122 110 107 295 205 158 157 188 206 203 151 242 121 327 229 124 369 103 355 115 91 87 94 93 79 376 227 285 143 286 199 283 391 279 241 248 55 62 61 59 47 271 31 480 464 456 452 420 404 424 402 308 450 340 338 396 170 306 408 169 172 298 330 332 180 329 212 300 297 337 418 156 166 154 108 165 401 356 105 360 344 150 394 178 153 204 202 305 149 116 83 90 89 85 294 106 210 147 449 92 201 102 293 114 284 86 393 101 163 282 184 177 78 77 216 232 209 312 326 75 228 99 281 432 354 325 120 417 291 53 113 141 54 58 277 198 142 278 139 60 51 57 226 71 197 275 390 43 46 45 368 39 323 389 353 195 135 225 240 270 269 29 27 267 30 387 23 263 15 84 164 148 82 168 146 292 328 76 100 296 152 88 74 104 81 73 52 140 276 145 162 200 336 138 42 50 98 41 324 280 137 400 44 392 304 290 274 49 56 176 196 70 69 161 37 208 38 97 289 112 273 388 268 35 322 28 26 67 134 448 25 133 416 266 194 22 265 21 19 352 321 131 193 224 386 262 14 261 13 11 385 259 7 72 80 40 68 136 36 144 48 34 20 132 272 24 66 33 160 18 264 96 288 17 65 12 130 260 10 9 129 192 320 6 258 5 384 257 3 32 16 8 64 4 128 2 256 1 0

SNR -20.500
511 510 509 507 503 495 508 506 505 501 502 499 479 494 493 491 504 500 498 478 487 447 477 497 492 490 475 383 489 255 446 471 486 445 463 476 485 443 496 439 431 382 415 381 375 367 319 379 351 253 247 223 191 239 474 127 254 251 483 473 470 488 469 467 444 462 461 459 455 442 441 438 437 435 429 430 484 427 414 423 413 411 407 380 366 378 365 363 373 399 347 349 343 374 377 350 359 335 245 371 317 318 246 311 250 315 235 238 237 175 222 303 190 189 183 219 221 215 159 207 187 252 111 126 125 231 243 123 119 249 287 95 63 482 481 472 468 466 465 460 458 454 457 453 451 436 440 434 428 426 425 422 405 410 406 421 433 409 412 341 403 419 342 346 362 339 358 361 345 372 398 310 364 397 314 348 334 357 333 214 316 309 171 370 307 331 186 181 213 234 244 174 313 211 179 218 167 217 173 182 299 395 220 230 301 302 158 233 205 122 109 203 185 117 110 107 206 295 118 355 236 188 151 242 157 155 229 327 103 369 115 121 376 87 91 124 93 79 391 283 285 94 199 286 143 227 279 248 241 55 59 61 62 47 271 31 480 464 456 452 450 404 420 340 402 424 338 408 396 308 449 298 169 332 172 170 212 356 106 180 418 297 210 330 401 105 166 306 329 300 178 344 432 165 154 116 153 337 85 108 360 156 204 86 294 394 202 83 149 150 393 293 89 312 201 305 90 228 282 101 114 147 209 102 163 92 417 177 284 216 232 354 75 281 326 77 291 184 99 78 325 120 113 278 277 197 53 51 198 57 54 142 390 275 60 58 141 71 139 43 226 45 353 389 39 323 46 368 195 135 270 269 225 240 267 387 29 30 27 23 263 15 84 164 168 148 296 100 292 82 76 73 74 104 146 328 81 152 88 52 392 140 276 50 162 145 200 44 41 400 42 336 280 324 98 290 138 196 70 208 49 274 137 69 176 56 304 38 161 37 448 388 97 273 289 112 35 268 67 416 322 134 25 28 194 26 266 133 265 21 352 22 19 321 193 386 131 224 262 261 14 385 13 11 259 7 72 40 36 80 68 144 136 48 34 24 20 132 66 272 160 33 18 96 288 264 65 17 12 130 260 10 320 9 192 129 6 258 384 5 257 3 32 16 64 8 4 128 2 256 1 0

SNR -20.000
511 510 509 507 503 495 508 506 505 502 501 499 479 493 494 491 504 500 487 478 447 498 477 497 492 475 490 489 383 471 446 486 255 476 445 485 463 496 443 474 483 439 382 431 381 415 473 379 367 375 351 319 223 191 247 253 251 127 239 254 488 470 469 444 467 462 461 484 459 442 455 441 437 438 435 423 429 427 430 413 414 407 482 411 380 399 378 373 374 365 349 343 377 350 347 363 315 359 366 335 371 317 318 311 175 235 303 245 246 215 237 250 183 222 481 187 207 219 238 189 221 126 190 252 231 243 125 159 249 123 95 287 119 111 472 63 468 466 465 460 458 457 454 453 440 451 436 434 426 422 425 428 421 410 406 433 405 412 409 403 419 342 346 362 398 341 339 364 372 358 309 345 348 314 397 310 395 361 334 357 234 370 333 331 302 186 307 313 174 301 182 214 316 299 181 173 218 230 236 220 188 171 213 179 167 295 244 217 211 122 206 205 376 151 185 233 369 203 355 158 155 327 157 286 103 117 91 115 242 229 107 118 124 87 109 110 285 121 79 391 93 94 283 143 199 279 241 227 62 248 480 61 55 59 47 271 31 464 456 452 450 420 404 424 449 402 340 308 338 418 298 401 396 394 408 330 170 172 332 300 180 306 297 329 432 356 169 154 212 116 344 337 178 393 202 153 204 210 90 150 106 149 156 360 166 165 85 293 108 101 294 105 89 305 417 102 86 201 83 147 312 114 284 92 163 326 177 354 282 184 209 281 216 228 77 291 78 75 325 278 99 113 142 277 232 390 141 58 60 53 198 275 120 51 197 57 71 139 54 389 43 226 368 45 323 353 46 39 135 195 270 387 225 240 269 267 29 30 27 23 263 15 148 84 164 100 296 82 76 292 168 152 448 146 328 73 140 400 88 74 81 276 392 162 145 104 52 200 324 290 280 44 98 42 138 41 336 50 274 196 137 304 56 49 69 70 161 176 388 273 38 208 97 37 289 112 416 268 322 28 35 134 26 67 25 266 194 133 265 22 21 321 386 19 352 131 193 224 262 385 14 261 13 11 259 7 72 40 68 80 36 144 136 20 48 34 24 272 132 66 96 18 288 160 33 264 17 65 12 130 10 260 320 9 129 192 384 6 258 5 257 3 16 32 64 8 4 128 2 256 1 0

SNR -19.500
511 510 509 507 503 495 479 508 502 506 501 505 499 493 491 494 487 447 504 500 478 498 477 497 492 475 490 489 471 486 383 446 476 485 445 463 255 496 474 443 483 473 439 382 488 470 431 415 381 379 367 319 375 351 251 253 191 254 127 247 223 239 469 444 467 484 462 461 442 459 441 455 482 438 437 472 435 429 430 427 423 481 413 411 407 380 414 399 378 373 347 365 371 374 343 377 349 359 366 350 363 335 317 303 315 245 318 311 183 187 250 237 246 238 189 175 231 219 215 235 207 222 221 190 126 159 249 125 243 252 111 119 95 287 123 63 468 466 465 460 458 457 454 453 440 451 436 434 426 433 428 422 425 410 421 409 412 406 405 403 480 419 398 346 362 397 341 342 370 372 364 348 339 334 345 395 314 333 361 357 358 313 309 310 186 331 302 307 213 299 301 181 173 234 218 179 182 171 316 167 244 185 295 214 369 230 206 217 174 236 211 220 233 188 122 157 355 124 203 155 109 327 391 107 110 158 117 103 205 151 118 376 242 121 115 94 229 87 93 91 285 286 79 283 143 199 241 279 227 62 61 59 55 248 47 271 31 464 456 452 450 449 420 424 404 402 408 432 396 340 418 401 394 330 338 300 393 308 180 298 332 172 170 306 356 178 329 169 212 297 344 166 90 106 417 210 154 153 294 165 312 85 149 293 337 89 156 202 204 108 83 105 150 360 86 201 147 102 92 116 101 305 326 177 163 282 228 284 114 291 216 390 209 77 184 354 281 75 325 277 278 141 232 78 113 142 99 60 57 198 53 120 58 389 71 51 139 197 275 54 368 46 226 43 323 45 353 39 135 195 387 225 270 269 240 267 27 29 30 23 263 15 448 148 84 164 292 82 100 146 392 296 328 76 168 400 152 74 88 104 276 81 73 140 52 200 324 290 162 145 138 280 98 44 137 336 50 41 42 196 274 56 388 49 69 70 304 161 176 208 38 289 273 37 416 97 268 322 112 35 67 26 28 134 25 266 133 194 265 386 21 321 22 19 352 131 193 224 385 262 261 13 14 11 259 7 72 68 80 40 136 36 144 48 34 20 132 24 272 66 288 160 33 264 18 96 17 65 130 12 260 10 320 9 192 129 384 258 6 5 257 3 32 16 8 64 4 128 2 256 1 0

SNR -19.000
511 510 509 508 507 505 503 502 495 479 506 501 499 494 493 491 487 477 500 504 478 447 498 497 475 492 490 489 471 486 446 476 383 485 445 474 463 483 496 443 473 255 470 488 439 382 469 381 431 415 444 484 379 375 367 319 254 351 253 251 191 127 247 467 223 239 462 442 461 482 441 459 472 455 481 438 437 435 429 430 380 427 423 411 413 414 407 378 468 399 377 373 374 366 365 347 349 371 363 343 350 335 359 315 317 318 303 311 189 250 215 219 245 252 190 246 175 183 221 187 237 235 125 207 159 238 222 243 126 287 249 111 231 95 119 123 63 466 465 460 458 440 457 454 453 451 436 480 434 433 426 428 422 425 421 410 406 405 412 409 403 419 398 397 346 395 362 372 370 341 364 345 361 348 342 339 333 358 314 376 334 310 218 309 302 331 357 301 316 214 181 313 186 299 182 307 213 234 217 391 188 173 158 171 220 369 211 206 174 179 205 295 118 230 185 355 233 327 167 236 203 107 110 244 157 155 122 117 242 286 121 151 87 109 103 229 124 115 94 285 91 283 79 93 199 279 143 248 241 227 59 62 55 61 47 271 31 464 456 452 450 449 420 432 404 402 424 418 408 396 394 401 338 340 332 393 417 330 298 329 308 212 180 344 170 300 356 297 360 154 172 337 204 306 169 106 178 294 210 153 105 156 116 165 86 202 305 390 166 85 150 293 201 108 83 90 149 284 326 147 89 282 101 102 312 216 114 163 325 92 228 177 281 75 389 209 277 78 278 291 354 77 184 58 232 99 120 113 57 198 53 141 142 275 60 51 71 197 139 368 353 54 43 323 46 45 226 39 387 270 195 269 135 240 225 267 27 30 29 23 263 15 448 84 328 164 148 82 296 292 168 100 392 74 400 104 76 152 146 276 88 73 200 52 81 324 140 162 145 336 290 388 280 50 274 138 416 42 44 41 98 56 137 196 304 49 70 69 176 37 273 161 268 38 112 208 97 289 322 35 67 266 386 134 26 28 25 265 194 133 321 352 21 22 19 193 385 131 262 224 261 13 14 11 259 7 72 36 68 40 80 136 144 48 34 272 24 66 132 20 264 160 288 18 96 33 17 65 12 260 130 10 320 9 192 384 129 258 6 5 257 3 16 32 8 64 4 128 2 256 1 0

SNR -18.500
511 510 509 508 507 506 505 503 502 495 479 501 493 499 494 491 478 487 447 477 475 504 500 498 492 497 471 490 489 486 446 485 476 445 383 474 463 483 473 443 496 470 488 255 469 439 382 484 444 381 431 467 462 379 415 442 482 375 367 351 254 253 461 319 251 191 472 127 223 247 239 441 459 481 455 438 437 468 435 430 380 429 427 423 413 414 411 378 407 377 466 399 373 374 371 365 347 363 349 343 366 317 350 335 359 315 318 250 311 303 465 246 190 238 235 245 175 237 189 187 215 231 125 252 183 249 207 159 221 219 243 287 222 123 111 95 119 126 460 63 440 458 457 454 480 453 451 436 434 433 428 426 425 422 421 410 405 406 412 419 409 403 398 397 346 362 395 376 341 370 372 364 345 342 348 361 334 339 310 358 309 333 314 357 316 331 299 313 369 391 307 302 186 301 217 234 214 213 218 295 174 171 181 182 211 173 233 117 185 167 122 230 205 188 118 206 355 179 236 286 244 327 158 157 220 107 203 109 124 155 151 229 110 121 242 285 103 115 91 94 283 93 87 79 464 279 143 248 199 227 241 62 61 59 47 55 271 31 456 452 450 449 432 424 420 404 402 418 408 396 401 394 417 340 393 308 332 330 338 298 300 297 344 356 329 169 306 170 360 212 172 294 390 116 180 293 154 106 337 108 105 210 166 202 89 90 156 204 178 85 149 165 150 305 153 83 201 389 326 86 92 147 354 216 102 209 312 284 101 228 114 282 177 291 281 163 325 184 277 232 77 278 78 75 368 120 113 275 142 99 58 141 57 198 53 71 139 51 323 60 353 226 54 387 197 43 45 39 46 135 270 195 269 225 267 240 27 30 29 23 263 15 448 392 84 400 292 148 328 296 164 168 82 276 146 74 388 76 88 100 104 73 81 152 416 290 324 200 145 52 140 162 280 138 274 98 50 42 41 304 56 336 137 44 70 69 196 273 208 161 289 49 176 38 37 97 112 268 322 386 35 67 134 266 28 26 25 265 133 194 321 22 352 21 19 385 131 262 193 224 261 14 13 11 259 7 72 68 36 40 80 136 144 48 272 132 34 20 24 264 66 160 33 288 18 96 17 65 12 130 260 10 320 9 384 129 192 258 6 5 257 3 32 16 64 8 4 128 2 256 1 0

SNR -18.000
511 510 509 508 507 506 505 503 502 501 499 495 494 493 491 479 487 477 475 447 504 500 478 471 492 498 497 490 489 446 486 485 463 445 383 476 474 483 473 443 496 470 488 469 439 255 382 484 444 467 462 381 431 482 442 461 472 379 415 441 481 254 375 253 459 367 351 319 251 239 247 191 127 438 468 223 455 437 435 380 466 430 429 427 423 465 378 414 413 377 411 407 460 399 373 374 371 365 347 363 366 343 349 359 335 350 315 303 311 317 318 440 250 252 189 245 246 183 235 215 175 287 237 238 123 187 159 219 249 221 207 243 125 190 126 111 231 119 222 95 458 63 480 457 454 453 436 451 434 433 428 426 425 422 421 410 419 406 405 412 409 464 376 403 397 398 395 372 370 364 346 362 342 341 361 358 357 345 333 348 334 369 339 314 310 391 331 309 302 307 301 316 299 313 234 182 295 214 218 355 174 327 213 171 181 186 167 173 158 206 122 230 217 179 244 185 155 236 118 211 157 220 233 286 107 109 285 203 110 242 124 117 151 188 229 205 115 283 121 103 87 279 91 93 143 94 79 199 241 248 227 61 62 55 59 271 47 31 456 452 450 449 432 420 424 418 404 402 408 396 394 417 393 401 340 332 356 330 338 329 298 308 300 297 344 390 360 337 172 306 170 389 169 106 294 212 326 154 166 293 180 178 108 153 150 202 305 149 165 354 210 116 312 105 325 156 85 204 90 282 114 284 83 281 291 89 201 147 278 86 102 277 92 163 368 101 216 177 228 77 184 209 75 120 78 275 113 142 232 353 387 198 141 323 53 99 54 58 57 197 139 51 71 60 226 43 45 46 39 270 269 135 195 267 225 240 29 27 30 263 23 15 448 392 400 148 416 296 84 292 164 328 82 276 388 146 324 152 168 74 76 104 81 73 100 336 145 290 280 140 88 200 52 162 274 138 137 50 42 41 273 44 98 196 304 70 289 56 49 161 69 268 38 386 322 37 176 112 208 97 26 266 134 67 35 28 25 265 352 321 133 194 385 21 19 22 131 262 193 224 261 14 13 259 11 7 72 40 68 36 80 136 144 272 48 24 34 132 20 288 66 160 33 264 18 96 65 17 260 12 130 320 384 10 9 129 192 258 6 5 257 3 32 16 64 8 4 128 256 2 1 0

SNR -17.500
511 510 509 508 507 506 505 503 502 501 499 495 494 493 491 487 479 447 477 478 475 471 504 492 500 498 490 497 489 446 486 485 445 383 463 476 474 483 473 443 470 469 496 439 488 467 444 382 484 462 255 442 461 381 431 482 472 441 481 379 459 438 468 415 254 375 437 367 253 351 455 319 466 251 247 223 191 127 239 435 380 430 465 460 429 427 440 378 423 414 377 413 411 407 458 399 374 480 373 371 363 365 457 347 366 343 349 359 335 315 318 350 252 311 317 303 249 250 235 246 190 245 237 287 436 215 187 175 189 238 159 221 183 111 207 219 125 126 231 243 222 123 95 119 63 454 453 451 434 433 464 428 426 425 421 422 419 412 410 376 406 409 405 403 398 397 395 372 370 362 391 369 361 342 341 364 346 358 334 345 357 310 309 348 339 314 456 333 301 302 331 307 316 313 299 355 327 213 214 234 295 174 182 173 218 181 171 230 211 188 286 179 233 186 110 244 158 157 205 242 167 122 217 285 155 236 185 206 220 118 117 283 203 229 151 248 94 109 121 124 279 115 91 103 107 87 93 241 79 227 199 143 61 62 59 55 271 47 452 31 450 449 432 424 420 418 404 402 408 417 396 394 401 393 340 390 332 298 389 330 308 356 300 338 360 297 306 329 212 344 170 294 337 368 169 312 172 326 180 154 156 165 305 293 210 153 354 178 204 282 106 284 150 166 202 387 325 149 281 108 116 90 105 85 89 83 291 86 114 278 102 147 277 201 92 101 209 177 163 228 232 77 184 275 58 75 78 353 113 216 99 198 323 120 53 141 142 57 60 71 197 139 54 226 51 43 46 45 270 39 269 267 195 135 225 240 29 27 30 263 23 15 448 416 392 400 388 296 328 164 292 168 148 84 152 276 82 100 76 324 280 146 73 74 290 88 81 104 52 336 274 162 140 386 200 145 304 42 50 273 138 98 44 196 289 41 137 322 56 70 208 161 176 49 69 268 38 37 97 266 385 112 265 28 67 26 35 134 25 352 321 194 133 21 22 19 262 193 131 261 224 13 14 11 259 7 72 40 36 68 80 144 136 272 48 20 24 264 288 34 132 66 160 96 18 33 65 17 384 260 12 130 320 10 9 129 192 258 6 5 257 3 16 32 8 64 4 128 2 256 1 0

SNR -17.000
511 510 509 508 507 506 505 503 502 501 499 495 494 493 491 487 479 478 477 475 447 471 498 504 492 446 490 497 489 500 486 485 445 463 483 383 474 476 473 443 470 469 439 496 467 488 444 462 484 382 461 431 442 482 381 255 472 441 459 481 438 379 468 415 437 466 455 375 254 435 430 380 367 460 465 253 351 319 251 247 239 223 127 191 429 440 378 458 427 377 414 423 480 413 457 374 411 436 407 373 399 371 454 365 366 363 359 252 335 349 343 347 350 317 303 315 250 318 453 249 311 434 245 287 243 238 246 175 125 215 237 221 219 235 159 187 231 207 222 183 123 189 119 190 126 95 111 451 63 433 464 428 426 425 422 376 421 419 412 410 456 406 405 409 398 403 372 397 395 370 369 362 391 364 361 358 357 342 334 341 346 339 355 333 331 345 348 314 309 310 313 302 307 301 316 299 327 295 452 218 242 181 174 186 286 285 182 244 173 214 213 171 233 122 179 236 211 234 283 217 205 230 118 109 117 167 158 220 185 157 155 107 206 124 229 279 110 121 115 248 203 94 93 151 103 87 188 91 241 79 227 450 199 62 143 271 59 61 55 47 432 449 31 424 420 418 417 404 408 402 396 394 401 393 390 340 389 356 332 330 338 360 368 308 300 298 329 306 297 354 294 387 337 293 344 282 172 170 180 326 305 312 284 154 325 106 108 169 204 212 210 166 281 178 202 116 353 105 90 156 114 165 291 153 102 149 86 278 201 228 83 85 89 277 147 101 150 92 209 216 275 163 177 184 77 232 99 323 78 75 113 120 198 141 57 142 58 54 53 60 226 51 197 71 139 269 270 43 45 46 39 240 267 225 195 135 30 29 27 263 23 448 15 416 392 400 388 328 292 296 324 84 276 164 148 168 386 100 146 280 82 76 274 290 152 104 304 74 336 200 88 73 52 81 140 162 145 50 273 289 268 42 138 196 44 41 98 385 70 56 137 49 322 69 161 176 208 38 266 37 112 97 352 265 35 321 67 28 25 26 134 133 194 21 22 19 262 224 131 193 261 13 14 259 11 7 72 40 68 36 80 144 136 272 48 34 288 20 24 264 132 66 160 384 33 18 96 17 65 260 320 12 130 10 9 129 192 258 6 257 5 3 16 32 64 8 4 128 2 256 1 0

SNR -16.500
511 510 509 508 507 506 505 503 502 501 499 495 494 493 491 487 479 478 477 475 471 447 504 500 497 445 463 492 498 446 443 383 490 489 485 486 476 473 439 474 469 483 470 467 496 462 461 488 444 442 382 431 484 381 441 482 459 255 472 481 438 379 468 437 415 466 455 435 375 465 430 460 380 254 429 440 458 253 367 378 351 251 319 427 247 223 191 457 239 127 436 414 377 480 423 454 413 374 411 434 373 407 453 399 371 252 366 464 365 433 363 359 428 451 347 349 350 250 335 343 249 317 315 318 311 303 245 246 287 243 237 235 221 215 219 175 159 207 189 183 238 222 187 123 231 190 111 125 126 119 95 63 426 425 376 456 422 421 412 419 410 409 372 406 405 403 397 370 398 395 369 452 391 362 364 361 432 357 358 341 346 450 342 345 314 348 355 339 334 333 302 301 331 310 299 313 309 316 307 449 295 327 286 248 234 214 244 285 218 213 242 171 205 186 122 283 173 206 174 182 236 233 179 158 220 211 167 118 181 279 217 155 230 157 203 110 229 185 151 94 109 117 188 107 115 93 91 103 121 124 87 241 143 79 227 199 62 271 61 59 55 47 31 424 420 418 417 408 404 402 396 401 394 393 390 389 368 356 340 360 387 332 354 338 330 298 300 297 308 329 344 337 306 294 170 326 284 312 293 353 204 282 212 305 169 325 172 281 291 165 108 166 278 180 178 154 277 210 156 153 149 202 106 90 150 85 89 201 116 114 105 147 275 86 92 83 163 177 102 228 101 232 448 78 77 323 209 216 142 113 75 58 54 184 141 53 120 198 99 226 57 270 60 51 197 71 139 269 43 46 45 39 267 240 195 135 225 30 29 263 27 23 15 416 392 400 388 386 296 292 328 148 324 84 276 164 168 385 290 336 280 146 76 100 82 274 152 74 81 162 88 145 104 52 140 304 73 200 50 273 289 44 42 41 352 322 138 268 196 98 137 56 70 176 49 161 69 208 37 266 38 112 97 35 265 67 134 321 28 26 133 25 194 21 22 262 19 261 131 193 224 14 13 259 11 7 72 40 68 80 36 136 272 144 384 48 34 288 132 20 264 24 66 160 18 33 96 260 65 17 320 12 130 10 9 129 192 258 6 257 5 3 32 16 64 8 4 128 256 2 1 0

SNR -16.000
511 510 509 508 507 506 505 503 502 501 499 495 494 493 491 487 479 478 477 475 471 463 447 443 383 498 504 500 445 446 497 492 490 476 489 486 439 485 483 473 474 470 469 467 462 382 442 431 496 461 381 441 488 459 444 255 484 438 482 472 437 379 481 468 415 455 466 435 375 430 465 460 429 380 254 440 458 378 367 427 253 457 436 414 377 480 454 351 251 423 374 413 434 247 319 239 223 191 127 453 373 411 428 464 433 371 407 451 366 252 399 365 426 363 359 349 250 350 347 343 249 335 456 317 376 311 425 318 303 315 245 243 246 287 183 237 219 215 175 221 235 238 189 207 187 190 125 159 123 231 222 126 119 111 422 95 63 412 421 419 372 410 452 409 432 370 406 405 403 369 397 398 395 450 391 364 362 449 358 361 357 341 348 346 342 355 345 334 339 333 331 310 314 309 301 248 316 302 313 299 307 327 295 424 244 234 242 285 286 186 283 214 182 218 213 236 174 233 211 181 173 279 206 217 230 205 167 171 179 229 109 188 122 158 220 241 185 107 155 117 157 110 118 91 121 124 93 203 94 103 151 115 87 227 79 271 199 143 62 59 61 55 47 420 31 418 417 408 404 402 401 394 396 393 368 390 389 356 360 448 387 340 354 332 330 338 344 329 298 308 297 300 353 337 306 294 326 325 282 293 312 284 305 281 172 278 277 212 291 169 106 170 210 166 180 154 204 165 156 108 90 275 105 178 202 153 89 232 323 149 150 86 228 92 102 201 116 85 83 101 163 216 209 114 147 78 177 75 184 77 198 99 270 120 226 269 142 113 58 141 53 57 60 54 197 71 267 51 139 240 43 45 46 39 225 195 135 263 30 29 27 23 15 416 392 400 388 386 328 296 292 324 385 276 336 164 274 148 168 280 84 290 82 352 100 88 152 76 74 304 104 146 273 52 73 81 162 140 322 268 200 289 98 145 138 50 44 266 42 41 137 196 70 161 56 208 265 176 321 69 49 38 97 37 112 67 134 28 26 25 35 194 133 262 21 22 19 261 193 224 131 14 259 13 11 7 72 384 80 40 36 272 68 136 264 144 288 48 132 24 20 160 34 66 96 18 320 33 260 17 65 12 130 10 9 258 129 192 257 6 5 3 16 32 64 8 4 128 256 2 1 0

SNR -15.500
511 510 509 508 507 506 505 504 503 502 501 500 499 498 495 494 493 492 491 490 489 487 479 478 477 475 471 463 447 446 445 443 439 383 486 497 485 483 474 476 470 473 469 467 462 382 431 444 461 442 459 496 441 484 488 482 255 438 381 379 437 435 472 481 415 468 455 466 430 375 429 465 460 380 458 440 427 378 254 457 367 414 436 377 454 253 423 434 413 374 480 453 351 251 428 433 373 411 464 247 319 451 239 223 426 127 191 371 366 407 252 365 456 425 399 376 363 250 422 350 412 359 349 249 347 343 335 318 246 317 315 303 311 421 245 243 287 452 237 372 219 235 238 221 183 159 231 175 215 187 222 189 207 190 410 125 111 119 126 95 123 419 432 63 409 370 450 406 369 405 403 364 449 398 397 395 362 391 424 361 358 357 355 346 348 345 248 342 341 334 339 333 331 314 313 301 302 309 310 316 307 299 327 244 295 283 420 242 285 286 230 234 218 181 236 214 279 186 182 213 220 241 174 217 211 205 206 171 233 229 173 179 185 122 158 167 107 109 117 157 203 118 110 94 115 155 121 271 151 124 91 103 227 188 93 418 87 199 79 143 61 62 59 55 417 47 31 408 404 368 402 396 401 394 393 448 390 389 360 356 387 354 340 338 353 330 344 332 300 329 298 337 308 326 306 297 294 282 325 293 281 312 284 305 278 180 170 291 323 277 169 172 178 212 275 210 204 166 106 165 108 90 228 154 202 105 156 201 153 85 150 149 92 116 86 89 114 102 83 101 232 270 216 147 163 177 209 184 77 269 78 75 226 198 113 99 240 57 197 58 142 120 267 141 54 53 60 51 139 45 71 43 46 39 225 195 263 135 29 30 27 23 416 15 400 392 388 386 385 328 296 292 324 336 352 276 280 84 290 148 274 164 168 76 82 304 100 322 273 74 104 88 146 268 289 152 73 81 52 200 162 140 44 145 42 266 196 41 56 50 138 98 321 70 265 161 137 69 49 38 37 208 176 112 97 35 26 134 28 262 25 67 194 133 21 261 22 19 224 131 193 259 14 13 11 7 384 72 40 68 36 272 80 264 144 136 288 20 48 34 132 24 320 160 260 66 33 18 96 17 65 12 130 10 258 9 192 129 257 6 5 3 32 16 8 64 4 128 256 2 1 0

SNR -15.000
511 510 509 508 507 506 505 504 503 502 501 500 499 498 497 495 494 493 492 491 490 489 487 486 485 483 479 478 477 476 475 474 473 471 463 447 446 445 443 439 431 383 470 469 382 462 467 381 444 461 379 459 255 415 441 488 442 455 438 435 484 496 429 472 468 437 481 375 482 430 466 465 460 427 380 458 440 367 378 457 254 377 436 414 423 454 253 413 374 434 453 480 433 428 373 351 411 251 426 451 464 371 366 247 425 319 407 365 376 252 456 239 422 412 191 223 127 399 363 350 250 421 372 452 359 349 410 249 432 347 419 246 343 318 335 409 245 370 317 315 303 243 311 450 287 237 238 235 221 231 219 207 369 175 215 187 123 159 189 183 406 125 222 119 111 190 126 95 364 63 424 449 405 403 398 362 397 395 361 391 358 420 357 348 355 248 346 345 342 341 339 333 331 418 334 316 314 244 327 309 242 302 310 313 417 299 301 307 408 295 285 286 241 283 234 279 230 236 233 214 229 213 182 181 218 206 173 205 179 122 118 174 186 220 185 217 158 171 117 211 203 110 157 271 167 124 227 155 109 188 121 107 151 103 93 115 94 91 87 199 79 368 62 143 61 59 55 47 404 448 31 402 401 396 394 393 390 360 389 356 387 354 353 340 338 344 330 332 337 329 298 326 308 306 297 300 294 325 293 284 282 312 305 278 281 416 277 323 291 275 212 170 180 169 172 154 228 232 202 204 240 106 210 178 153 156 166 116 165 270 201 150 108 149 105 86 90 85 269 102 114 147 101 83 92 184 89 226 177 209 216 267 163 78 77 198 120 75 142 141 197 113 99 58 53 54 57 51 60 71 139 45 225 46 43 263 39 195 135 30 29 27 23 15 400 392 388 386 385 352 328 324 336 292 296 276 280 290 274 322 304 84 273 268 164 148 82 100 146 168 289 266 152 76 104 74 321 200 73 81 140 88 162 52 265 145 44 98 196 42 50 138 70 41 137 69 56 208 49 176 161 38 37 112 97 262 67 26 35 261 28 134 25 133 194 224 22 21 19 193 259 131 14 13 11 7 384 72 272 68 80 264 36 288 136 40 144 320 48 24 260 34 20 132 66 160 18 33 96 17 65 12 258 130 10 9 257 192 129 6 5 3 32 16 8 64 4 128 256 2 1 0

SNR -14.500
511 510 509 508 507 506 505 504 503 502 501 500 499 498 497 495 494 493 492 491 490 489 487 486 485 483 479 478 477 476 475 474 473 471 470 467 463 462 447 446 445 443 439 431 383 382 379 461 469 255 381 444 442 459 415 437 441 438 455 430 496 435 488 429 484 481 482 466 472 465 458 427 460 380 468 375 457 377 423 367 254 440 414 413 378 454 436 374 253 453 434 373 433 411 428 351 480 251 426 451 371 366 425 464 407 365 422 247 456 319 376 412 252 363 421 399 239 372 452 350 250 410 432 223 359 191 349 127 419 249 409 370 450 406 246 347 364 369 424 318 245 343 449 335 317 243 405 315 311 303 238 287 237 235 362 231 207 221 403 215 219 222 189 159 398 187 125 183 119 175 123 111 190 420 95 126 361 63 397 395 358 248 348 391 357 418 355 408 346 345 417 342 341 244 339 368 333 334 331 316 242 314 313 327 310 241 309 307 302 404 301 299 295 285 234 286 236 283 448 230 229 279 233 218 214 213 211 271 181 217 173 205 206 227 171 182 220 186 174 179 402 118 203 110 167 158 185 155 107 122 117 109 188 157 124 121 151 103 115 199 94 93 91 87 79 143 401 61 62 59 360 55 47 396 31 394 393 390 389 356 354 387 353 344 416 340 338 332 330 329 337 326 308 325 298 300 306 297 312 294 293 282 323 305 240 284 281 278 277 291 275 228 212 170 232 210 180 169 172 204 202 270 154 269 178 106 153 156 226 165 85 166 90 108 216 150 201 86 105 267 149 209 114 116 89 83 102 147 198 101 184 77 177 92 78 163 75 58 99 142 225 197 57 54 113 120 53 60 141 51 263 139 45 71 43 46 195 400 39 135 30 29 27 23 392 15 388 386 385 352 328 324 336 292 296 276 322 280 290 274 304 321 268 273 289 84 148 168 164 266 152 82 76 100 74 104 146 265 88 200 73 81 140 145 52 44 162 42 50 138 196 98 137 41 208 70 56 176 49 262 38 69 161 37 97 261 134 194 35 112 26 67 28 224 25 133 21 259 22 19 193 131 14 13 11 7 384 272 72 264 288 320 40 36 80 136 144 68 260 48 34 20 24 132 66 33 18 160 96 17 65 258 130 12 10 192 257 9 129 6 5 3 32 16 64 8 4 256 128 2 1 0

SNR -14.000
511 510 509 508 507 506 505 504 503 502 501 500 499 498 497 495 494 493 492 491 490 489 487 486 485 483 479 478 477 476 475 474 473 471 470 469 467 463 462 461 459 447 446 445 444 443 439 437 431 415 383 382 381 379 375 255 438 442 435 441 430 455 367 427 429 488 496 484 423 472 466 482 380 468 465 481 378 460 458 414 436 377 411 454 457 254 440 413 453 374 253 434 373 433 371 351 366 451 251 428 426 407 425 365 480 422 247 464 421 412 363 376 456 252 319 410 399 372 350 250 452 409 419 359 349 370 239 432 249 406 450 364 369 246 347 424 223 405 191 127 449 318 245 362 343 420 317 243 403 398 335 361 238 315 237 311 303 358 235 397 348 287 231 418 408 248 222 221 219 215 207 357 175 183 187 189 159 119 395 125 111 123 190 95 126 63 391 346 355 417 368 345 244 404 342 341 316 339 242 448 241 334 333 331 402 314 327 313 360 310 309 236 307 401 301 299 234 302 285 295 283 233 286 279 230 229 396 218 271 213 227 220 217 214 211 206 205 174 182 181 173 171 203 186 179 185 158 155 110 122 157 117 118 109 167 188 107 394 94 93 151 199 115 121 356 91 103 87 124 79 143 393 59 61 62 55 47 390 354 389 31 416 353 387 344 340 338 337 330 332 326 329 240 325 312 308 298 306 323 300 297 294 284 305 282 293 281 400 278 277 291 232 275 228 212 270 226 269 210 202 204 180 170 172 267 154 178 166 106 216 169 201 156 105 209 149 150 225 165 116 85 108 153 90 102 147 198 92 86 89 83 101 177 114 184 263 197 77 163 78 58 142 75 99 141 54 57 53 139 113 60 120 45 51 46 71 43 392 195 39 135 388 29 27 30 23 386 15 352 385 336 328 324 322 296 292 276 280 290 321 274 304 268 273 289 266 148 84 265 164 146 168 100 82 200 76 152 74 81 104 73 140 196 52 162 145 88 208 262 44 138 42 50 137 98 41 56 261 224 70 49 69 176 161 38 37 194 97 35 134 112 28 67 26 133 259 25 22 21 193 19 131 14 13 11 7 384 320 272 264 288 72 40 36 80 260 68 136 144 34 20 48 132 66 24 33 18 160 17 258 96 65 130 12 10 257 192 9 129 6 5 3 16 32 8 64 256 4 128 2 1 0

SNR -13.500
511 510 509 508 507 506 505 504 503 502 501 500 499 498 497 495 494 493 492 491 490 489 487 486 485 483 479 478 477 476 475 474 473 471 470 469 467 463 462 461 459 455 447 446 445 444 443 442 441 439 438 437 435 431 415 383 382 381 379 375 367 255 429 430 496 427 423 484 254 351 481 488 472 482 468 414 374 380 378 411 377 413 465 458 460 440 457 466 454 371 436 253 366 251 373 434 453 365 426 425 451 433 407 428 247 363 422 421 480 412 399 319 464 376 350 410 372 252 456 409 349 359 419 250 239 370 452 406 249 432 369 347 364 405 450 424 246 362 449 318 223 245 403 420 343 398 361 317 191 358 238 243 397 348 418 127 408 335 315 237 248 357 346 417 395 311 235 368 404 303 222 231 287 355 345 221 391 219 215 244 207 175 187 190 183 189 125 159 123 95 119 111 342 126 63 402 448 316 360 341 242 339 334 241 401 396 314 333 331 236 313 327 310 356 234 307 309 233 301 302 299 394 295 230 286 283 229 285 227 279 393 416 220 354 218 271 213 217 214 344 206 353 211 205 203 173 174 181 390 171 182 186 179 389 158 157 167 185 188 199 155 122 151 109 107 118 94 117 110 121 93 103 115 87 91 124 79 387 143 62 59 61 47 55 31 340 338 337 240 400 332 330 329 326 312 325 323 308 306 298 300 297 305 294 293 232 282 281 228 284 278 277 291 226 275 392 270 269 212 225 267 210 204 202 216 170 172 180 178 201 169 209 198 154 166 106 150 165 156 153 149 108 388 263 90 102 105 147 197 89 85 116 114 86 101 92 352 177 83 163 184 78 142 77 58 113 141 75 99 386 53 57 120 139 54 195 60 51 71 45 46 43 39 385 135 30 29 27 23 15 336 328 324 322 296 292 321 276 304 280 290 274 289 273 268 266 265 164 148 168 84 200 146 100 224 196 262 152 82 76 104 88 74 140 261 162 145 73 81 138 52 208 44 50 70 176 42 98 41 137 69 56 161 49 194 38 37 259 112 97 134 67 35 28 26 133 25 193 22 21 19 131 384 14 13 11 7 320 272 288 264 260 72 68 36 144 80 40 136 258 34 48 24 66 132 20 160 33 18 96 65 257 17 12 130 192 10 9 129 6 5 3 32 16 64 8 256 4 128 2 1 0

SNR -13.000
511 510 509 508 507 506 505 504 503 502 501 500 499 498 497 495 494 493 492 491 490 489 487 486 485 483 479 478 477 476 475 474 473 471 470 469 467 463 462 461 459 455 447 446 445 444 443 442 441 439 438 437 435 431 430 429 427 423 415 414 383 382 381 380 379 378 375 367 351 255 253 413 254 411 374 482 496 377 484 468 481 251 458 407 466 488 460 371 472 373 365 366 440 465 454 453 434 436 457 247 451 428 363 425 426 433 319 422 359 350 412 376 419 421 349 399 480 409 410 252 372 464 370 239 250 456 406 347 405 364 369 362 249 452 432 246 450 403 424 245 361 343 318 449 398 420 223 358 317 397 243 348 238 418 357 408 335 346 237 315 191 248 417 395 404 368 345 355 127 235 244 311 222 342 391 402 360 231 221 303 341 316 242 448 287 219 401 396 215 190 207 189 241 339 183 334 187 175 159 356 236 111 123 119 125 314 126 95 63 333 313 394 331 234 310 416 327 344 354 233 309 393 307 230 302 229 353 301 299 390 220 295 227 285 283 286 279 218 389 271 217 340 214 213 387 211 206 205 203 188 182 173 199 186 181 179 174 171 157 185 155 158 400 167 151 107 109 338 122 110 94 115 118 93 87 121 91 117 103 124 240 143 79 62 61 337 59 55 47 31 332 312 330 329 326 325 308 323 232 392 306 305 298 300 297 228 294 352 293 282 226 281 284 278 291 277 275 225 388 270 269 210 216 267 212 204 202 386 170 201 209 263 198 172 180 178 154 169 385 166 197 165 149 156 150 106 90 153 177 86 108 147 184 102 85 105 89 92 114 163 116 101 83 195 78 77 142 141 75 99 54 58 53 139 57 60 120 51 113 46 43 45 71 39 336 135 29 30 27 23 15 328 324 322 321 296 292 304 276 290 280 274 268 289 273 266 265 224 262 148 168 164 200 261 196 208 84 146 82 76 100 152 74 140 138 162 73 145 104 88 52 81 42 194 259 41 137 176 50 44 98 384 56 161 49 70 38 37 69 97 193 112 134 28 35 26 67 133 25 22 21 19 131 14 13 11 7 320 272 264 288 260 72 40 36 144 136 68 258 80 48 34 20 132 24 66 160 257 18 33 96 17 65 192 130 12 10 9 129 6 5 3 16 32 256 8 64 4 128 2 1 0

SNR -12.500
511 510 509 508 507 506 505 504 503 502 501 500 499 498 497 496 495 494 493 492 491 490 489 488 487 486 485 484 483 482 481 479 478 477 476 475 474 473 472 471 470 469 468 467 463 462 461 459 455 447 446 445 444 443 442 441 439 438 437 435 431 430 429 427 423 415 414 413 411 407 383 382 381 380 379 378 377 375 374 371 367 351 255 254 253 251 247 466 319 373 366 460 363 465 458 365 436 457 399 434 440 454 451 433 453 428 359 426 425 349 350 422 421 412 376 347 239 410 252 419 250 406 480 372 370 245 405 364 361 464 246 409 403 369 249 456 452 362 343 432 318 398 450 317 358 243 397 424 223 238 449 420 357 348 335 237 346 315 395 418 408 355 345 248 417 404 235 342 368 191 244 311 222 402 341 391 360 316 221 242 231 127 401 396 339 303 334 356 314 236 448 241 219 394 287 333 313 190 344 215 354 234 189 207 393 310 187 416 183 331 175 126 125 159 233 123 119 353 111 63 95 309 327 390 340 230 220 307 229 302 389 301 227 218 299 400 338 295 240 387 217 286 285 283 279 213 214 337 271 211 332 205 312 188 206 203 199 186 185 182 181 179 173 171 174 157 167 158 155 122 151 107 330 121 109 117 110 143 93 124 118 91 103 115 94 87 392 62 79 329 61 55 232 59 47 326 308 325 31 352 323 306 305 228 388 300 226 298 297 294 225 293 284 291 282 386 216 278 277 281 275 385 270 212 269 336 267 210 204 209 202 201 263 198 197 170 180 178 172 166 169 154 184 156 165 150 195 149 153 177 106 90 147 108 86 102 85 142 105 92 116 163 89 141 101 83 114 78 77 139 58 75 54 60 53 57 120 99 113 51 46 45 71 328 135 43 39 30 29 324 27 23 322 15 321 304 296 292 290 276 224 274 280 289 268 273 266 265 384 262 200 208 261 196 164 148 168 84 259 146 194 152 76 140 82 162 100 138 74 104 176 73 145 88 137 52 81 193 44 42 41 50 98 56 161 70 49 69 134 38 37 133 97 112 35 26 28 67 25 21 22 131 19 14 13 11 7 320 288 272 264 260 258 136 72 40 36 68 144 80 257 132 48 20 34 192 24 160 66 33 18 96 17 65 130 12 10 9 129 6 5 3 256 16 32 8 64 128 4 2 1 0

SNR -12.000
511 510 509 508 507 506 505 504 503 502 501 500 499 498 497 496 495 494 493 492 491 490 489 488 487 486 485 484 483 482 481 479 478 477 476 475 474 473 472 471 470 469 468 467 466 463 462 461 459 458 457 455 447 446 445 444 443 442 441 439 438 437 435 434 431 430 429 427 423 415 414 413 411 407 399 383 382 381 380 379 378 377 375 374 373 371 367 366 365 363 351 350 349 319 255 254 253 251 247 239 454 436 465 359 460 428 433 347 426 440 451 453 412 425 252 421 422 343 410 376 250 419 409 249 370 406 405 245 364 480 317 369 362 246 318 335 372 403 456 357 238 361 243 397 464 315 452 237 432 424 398 348 358 450 223 449 345 395 420 418 346 235 408 355 417 311 191 342 248 341 404 391 368 244 402 222 231 360 242 316 221 339 401 334 396 303 314 356 241 236 333 219 394 127 313 354 448 234 344 190 310 393 331 287 233 215 353 189 340 416 390 309 230 220 207 327 187 338 307 389 126 229 183 302 125 175 218 159 123 400 240 119 111 301 95 63 332 227 337 217 387 312 299 286 214 295 213 188 285 330 283 392 211 232 279 206 271 205 308 203 329 352 186 199 185 182 326 181 179 173 171 174 167 155 124 306 158 151 325 157 228 117 143 109 122 121 93 107 118 94 115 388 91 87 323 110 103 305 79 61 59 62 55 47 300 226 31 225 336 216 298 386 297 385 294 293 291 284 282 212 278 210 277 281 275 209 270 269 267 202 204 201 328 263 198 197 184 180 195 178 170 172 166 154 169 165 177 153 149 150 156 147 324 163 106 116 90 142 108 105 86 92 85 89 83 102 141 114 101 139 120 77 78 58 322 54 60 75 57 53 99 113 46 51 45 135 43 71 39 304 321 30 29 27 23 15 224 296 292 290 384 276 289 280 274 268 273 266 265 208 262 200 196 261 194 259 148 164 146 193 168 152 162 84 145 140 82 176 138 76 74 100 104 88 137 81 161 73 52 42 50 44 56 98 41 38 70 49 69 134 37 133 97 112 35 28 26 67 25 22 131 21 19 320 14 13 11 7 288 272 264 260 258 257 136 72 192 144 36 40 68 80 160 132 34 48 20 24 66 18 33 96 17 130 65 12 10 129 9 6 5 3 256 32 16 8 64 4 128 2 1 0

SNR -11.500
511 510 509 508 507 506 505 504 503 502 501 500 499 498 497 496 495 494 493 492 491 490 489 488 487 486 485 484 483 482 481 479 478 477 476 475 474 473 472 471 470 469 468 467 466 465 463 462 461 460 459 458 457 455 454 453 451 447 446 445 444 443 442 441 440 439 438 437 436 435 434 433 431 430 429 428 427 426 425 423 415 414 413 412 411 407 399 383 382 381 380 379 378 377 375 374 373 371 367 366 365 363 359 351 350 349 347 343 319 255 254 253 252 251 247 239 249 422 246 250 421 419 376 410 409 318 406 245 317 223 405 369 372 403 364 370 398 315 397 243 358 357 311 395 361 480 348 238 355 335 237 362 456 464 450 341 191 432 420 424 452 235 342 346 449 418 345 248 231 417 222 339 391 408 404 221 303 244 316 334 368 402 242 401 219 333 396 314 360 236 241 313 356 394 331 310 234 127 354 393 344 233 190 309 215 353 287 340 448 189 230 390 220 327 416 338 307 229 389 302 187 207 218 332 337 301 240 400 312 227 217 126 387 183 330 214 299 125 232 175 308 392 286 123 159 188 213 329 119 111 95 63 352 295 285 211 206 326 186 283 228 306 205 279 388 185 271 325 203 305 300 199 182 226 181 336 216 323 124 179 174 173 171 167 225 386 155 122 157 151 121 298 158 143 117 107 118 109 110 115 93 94 103 91 87 297 79 385 62 59 61 212 55 47 294 31 293 284 328 291 210 209 282 281 278 277 204 275 184 202 269 270 267 201 324 198 197 263 304 195 180 178 322 177 170 172 321 166 169 165 154 150 156 149 153 224 163 147 142 120 106 141 116 139 108 90 102 105 114 86 92 85 89 83 78 101 77 58 113 75 54 99 53 296 60 57 135 51 46 45 71 43 384 39 30 29 27 292 23 290 15 289 208 280 276 274 273 268 266 265 200 262 196 261 194 259 193 164 176 148 168 320 146 152 140 162 138 145 84 82 137 100 161 76 74 104 81 52 88 73 42 98 44 41 50 134 70 133 56 38 69 49 37 97 112 26 25 28 131 35 67 21 22 19 14 13 11 7 288 272 264 260 258 257 192 144 136 72 40 68 36 132 80 160 20 24 34 48 130 18 66 33 96 17 12 129 65 10 9 6 5 3 256 16 32 8 64 128 4 2 1 0

SNR -11.000
511 510 509 508 507 506 505 504 503 502 501 500 499 498 497 496 495 494 493 492 491 490 489 488 487 486 485 484 483 482 481 479 478 477 476 475 474 473 472 471 470 469 468 467 466 465 463 462 461 460 459 458 457 455 454 453 451 447 446 445 444 443 442 441 440 439 438 437 436 435 434 433 431 430 429 428 427 426 425 423 422 421 419 415 414 413 412 411 410 409 407 406 405 399 383 382 381 380 379 378 377 376 375 374 373 371 367 366 365 363 359 351 350 349 347 343 335 319 318 317 255 254 253 252 251 250 249 247 246 245 243 239 238 223 403 369 315 398 372 237 362 370 191 395 358 357 364 348 231 361 397 235 355 311 345 480 464 303 219 339 222 391 452 346 341 449 456 432 450 408 418 424 333 342 404 248 314 334 402 221 420 316 331 417 242 244 310 241 313 396 215 309 236 401 368 394 234 360 127 287 233 393 190 356 189 354 344 353 230 340 307 327 390 302 229 220 207 338 389 301 187 448 218 337 332 217 227 416 214 387 312 240 330 299 183 126 400 286 308 213 329 232 188 125 392 326 175 285 295 306 206 211 228 352 123 186 325 300 388 159 305 205 185 283 119 216 226 111 95 63 336 182 203 323 279 298 386 225 181 124 271 199 212 179 297 174 328 385 173 122 294 171 284 121 167 210 158 157 155 151 293 118 117 143 115 209 109 107 110 204 282 103 93 291 87 94 91 184 324 79 62 59 55 61 47 304 281 31 202 278 277 201 322 275 180 198 270 269 267 197 224 321 178 263 195 177 296 172 170 169 166 165 384 120 154 150 163 149 153 156 147 292 142 116 141 114 139 113 106 108 135 102 105 90 101 86 85 208 92 89 290 83 78 58 77 99 75 54 53 289 60 57 45 51 46 43 71 39 280 29 30 27 23 276 15 274 200 273 268 266 196 265 262 194 320 261 193 176 259 168 164 148 162 146 152 140 138 161 145 137 84 134 82 100 76 74 112 104 73 133 52 81 42 98 88 50 44 41 56 49 38 131 70 69 37 97 28 26 25 35 67 288 21 22 19 14 13 11 7 272 264 260 258 192 257 136 144 160 132 72 40 36 68 80 130 20 48 34 24 66 18 129 33 96 17 65 12 10 9 6 5 3 256 16 32 128 64 8 4 2 1 0

SNR -10.500
511 510 509 508 507 506 505 504 503 502 501 500 499 498 497 496 495 494 493 492 491 490 489 488 487 486 485 484 483 482 481 479 478 477 476 475 474 473 472 471 470 469 468 467 466 465 463 462 461 460 459 458 457 455 454 453 451 447 446 445 444 443 442 441 440 439 438 437 436 435 434 433 431 430 429 428 427 426 425 423 422 421 419 415 414 413 412 411 410 409 407 406 405 403 399 398 397 395 383 382 381 380 379 378 377 376 375 374 373 372 371 370 369 367 366 365 364 363 362 361 359 358 351 350 349 347 343 335 319 318 317 315 311 303 255 254 253 252 251 250 249 247 246 245 243 239 238 237 235 231 223 221 191 348 222 345 346 355 357 342 219 391 341 215 339 127 334 480 248 452 313 316 331 464 449 190 314 408 333 450 241 244 404 432 424 420 287 189 309 236 417 402 418 456 327 242 310 401 394 307 360 207 368 302 187 393 233 234 396 390 356 353 344 354 220 229 218 230 217 389 183 299 227 301 338 340 332 337 387 448 312 126 214 213 330 286 240 329 308 295 416 285 188 125 400 232 211 326 175 306 186 206 392 228 325 205 305 123 300 185 283 352 226 388 216 298 182 203 323 336 159 119 225 181 297 212 279 386 124 199 328 111 294 174 179 210 284 95 271 385 63 122 173 293 204 209 184 282 324 121 171 304 158 291 118 167 281 202 157 117 155 151 115 322 180 143 278 201 110 109 224 107 103 296 91 94 277 93 87 79 198 55 59 321 61 62 178 47 275 31 197 270 177 269 195 267 172 263 384 292 208 120 170 169 166 165 290 163 156 116 154 150 280 289 153 149 114 147 141 142 113 139 106 108 200 105 135 102 101 85 86 90 99 78 89 276 83 92 77 54 58 75 53 60 45 46 57 51 43 71 39 274 30 320 29 273 27 196 23 268 194 266 176 15 265 193 262 261 259 168 164 162 148 161 152 146 140 288 138 145 137 112 134 104 100 84 133 82 76 74 73 88 98 52 81 42 131 44 50 70 41 97 38 56 69 49 37 26 28 35 25 67 21 22 19 272 14 13 11 264 260 7 192 258 257 160 136 144 132 72 40 36 130 68 80 20 34 48 129 24 96 66 18 33 17 12 65 10 9 6 5 3 256 16 128 32 8 64 4 2 1 0

SNR -10.000
511 510 509 508 507 506 505 504 503 502 501 500 499 498 497 496 495 494 493 492 491 490 489 488 487 486 485 484 483 482 481 479 478 477 476 475 474 473 472 471 470 469 468 467 466 465 463 462 461 460 459 458 457 455 454 453 451 447 446 445 444 443 442 441 440 439 438 437 436 435 434 433 431 430 429 428 427 426 425 423 422 421 419 415 414 413 412 411 410 409 407 406 405 403 399 398 397 395 391 383 382 381 380 379 378 377 376 375 374 373 372 371 370 369 367 366 365 364 363 362 361 359 358 357 355 351 350 349 348 347 346 345 343 342 339 335 334 331 319 318 317 315 314 311 303 255 254 253 252 251 250 249 247 246 245 243 239 238 237 235 231 223 222 221 219 215 191 190 189 127 341 333 248 187 287 480 313 244 464 242 316 432 450 241 456 310 183 424 327 408 452 233 420 309 449 234 220 307 417 418 230 401 236 404 396 207 394 360 402 302 218 301 344 368 393 227 229 217 354 356 340 299 338 213 214 390 389 332 211 387 295 330 337 286 353 329 125 126 175 188 186 285 308 312 240 416 206 185 326 123 232 448 283 205 306 325 182 228 305 300 400 203 298 392 226 181 216 323 159 119 279 297 352 225 212 388 294 179 174 336 199 124 210 386 284 293 173 328 209 204 111 122 385 271 282 184 121 324 202 171 304 291 281 158 95 180 118 201 278 322 63 167 157 296 117 224 178 198 277 155 321 110 115 197 172 177 151 109 292 275 270 143 107 208 103 94 195 120 93 91 87 170 269 79 384 59 61 62 55 47 267 31 290 280 169 263 156 166 200 289 116 165 163 154 153 276 114 113 150 149 147 142 108 320 196 141 176 139 274 106 135 105 102 101 273 99 92 194 90 86 85 89 78 83 77 268 193 75 58 53 54 60 57 46 45 71 43 266 51 39 30 265 29 27 262 168 23 261 15 259 288 164 162 161 152 148 146 112 140 138 145 137 134 133 100 104 98 84 131 272 82 76 74 97 88 73 81 42 52 44 70 50 41 69 56 38 37 49 192 26 28 67 35 25 22 21 264 19 260 14 13 11 258 7 257 160 136 144 132 130 72 129 68 40 80 96 36 48 20 34 66 24 18 33 17 65 12 10 9 6 5 3 256 128 16 32 64 8 4 2 1 0

SNR -9.500
511 510 509 508 507 506 505 504 503 502 501 500 499 498 497 496 495 494 493 492 491 490 489 488 487 486 485 484 483 482 481 480 479 478 477 476 475 474 473 472 471 470 469 468 467 466 465 464 463 462 461 460 459 458 457 456 455 454 453 452 451 447 446 445 444 443 442 441 440 439 438 437 436 435 434 433 431 430 429 428 427 426 425 423 422 421 419 415 414 413 412 411 410 409 407 406 405 403 399 398 397 395 391 383 382 381 380 379 378 377 376 375 374 373 372 371 370 369 367 366 365 364 363 362 361 359 358 357 355 351 350 349 348 347 346 345 343 342 341 339 335 334 333 331 327 319 318 317 316 315 314 313 311 310 307 303 302 301 287 255 254 253 252 251 250 249 248 247 246 245 244 243 242 241 239 238 237 236 235 234 231 230 229 223 222 221 219 215 207 191 190 189 187 183 127 309 175 233 432 299 420 449 126 450 418 220 404 368 217 417 227 424 218 360 401 214 354 402 394 396 356 295 408 393 344 340 286 390 125 206 188 353 213 330 283 332 337 205 211 338 186 123 387 329 389 285 308 159 312 240 182 306 185 325 300 203 181 228 326 448 305 232 179 298 119 416 199 279 297 323 216 226 392 400 174 225 173 212 352 388 294 210 293 124 284 336 209 271 122 111 171 204 282 386 184 328 202 121 291 281 385 158 180 324 118 201 278 157 304 167 117 178 198 95 322 277 296 172 155 177 197 224 321 110 115 275 292 63 270 170 208 109 195 151 120 269 290 169 280 107 94 143 156 166 384 200 116 267 289 103 93 276 165 91 154 87 263 62 79 61 114 59 196 176 163 55 47 153 31 113 274 320 108 150 194 149 273 268 147 106 168 142 193 105 141 139 102 135 101 266 99 92 90 86 265 89 85 288 83 77 164 75 78 262 60 58 54 71 57 53 261 45 46 51 43 162 39 29 259 27 30 23 161 152 112 15 148 146 272 145 140 138 104 192 137 134 100 133 98 131 97 84 264 88 82 74 76 81 73 52 70 44 42 50 69 56 41 260 38 49 37 26 67 28 25 258 35 22 21 19 257 14 160 13 11 7 144 136 132 130 129 96 72 68 80 36 40 66 20 34 48 24 18 65 33 17 12 10 9 256 6 5 3 128 16 32 64 8 4 2 1 0

SNR -9.000
511 510 509 508 507 506 505 504 503 502 501 500 499 498 497 496 495 494 493 492 491 490 489 488 487 486 485 484 483 482 481 480 479 478 477 476 475 474 473 472 471 470 469 468 467 466 465 464 463 462 461 460 459 458 457 455 454 453 452 451 450 449 447 446 445 444 443 442 441 440 439 438 437 436 435 434 433 432 431 430 429 428 427 426 425 424 423 422 421 420 419 418 417 415 414 413 412 411 410 409 408 407 406 405 403 402 399 398 397 395 391 383 382 381 380 379 378 377 376 375 374 373 372 371 370 369 367 366 365 364 363 362 361 359 358 357 355 351 350 349 348 347 346 345 343 342 341 339 335 334 333 331 327 319 318 317 316 315 314 313 311 310 309 307 303 302 301 299 295 287 286 255 254 253 252 251 250 249 248 247 246 245 244 243 242 241 239 238 237 236 235 234 233 231 230 229 227 223 222 221 220 219 218 217 215 214 213 211 207 206 205 191 190 189 187 183 175 159 127 126 125 123 119 283 360 285 456 368 404 186 396 203 393 356 340 390 338 401 182 394 188 185 344 332 354 330 181 312 389 353 337 329 326 199 174 279 306 232 240 308 111 173 300 387 305 325 124 323 179 297 225 298 171 122 226 271 284 294 416 228 210 293 400 212 448 392 167 158 291 216 121 281 388 118 117 204 209 202 282 336 184 386 352 201 95 157 278 328 277 155 198 180 385 324 197 115 178 304 275 172 322 177 110 170 270 296 321 195 109 224 151 169 292 269 120 63 107 208 290 166 156 280 94 116 267 200 165 143 289 154 276 93 114 103 196 384 176 153 163 91 274 108 113 263 150 62 194 168 320 87 273 268 61 106 149 79 59 193 55 47 105 147 31 142 164 266 92 102 141 288 101 139 265 90 135 152 99 162 262 89 112 161 261 85 86 83 60 78 77 259 75 58 57 71 148 272 54 53 51 43 45 46 39 29 27 30 192 146 23 104 145 15 140 100 138 137 264 134 98 133 97 131 88 84 260 160 82 76 81 74 258 73 70 69 257 56 52 42 50 44 41 67 38 37 49 26 28 22 25 35 21 19 14 13 144 11 7 136 132 130 96 129 72 80 68 36 40 66 256 20 34 48 24 65 18 33 17 12 10 9 6 5 3 128 64 16 32 8 4 2 1 0

SNR -8.500
511 510 509 508 507 506 505 504 503 502 501 500 499 498 497 496 495 494 493 492 491 490 489 488 487 486 485 484 483 482 481 480 479 478 477 476 475 474 473 472 471 470 469 468 467 466 465 464 463 462 461 460 459 458 457 456 455 454 453 452 451 450 449 447 446 445 444 443 442 441 440 439 438 437 436 435 434 433 432 431 430 429 428 427 426 425 424 423 422 421 420 419 418 417 415 414 413 412 411 410 409 408 407 406 405 404 403 402 401 399 398 397 396 395 394 393 391 383 382 381 380 379 378 377 376 375 374 373 372 371 370 369 368 367 366 365 364 363 362 361 360 359 358 357 356 355 354 351 350 349 348 347 346 345 343 342 341 340 339 335 334 333 332 331 327 319 318 317 316 315 314 313 311 310 309 307 303 302 301 299 295 287 286 285 283 279 255 254 253 252 251 250 249 248 247 246 245 244 243 242 241 239 238 237 236 235 234 233 231 230 229 227 223 222 221 220 219 218 217 215 214 213 211 207 206 205 203 199 191 190 189 188 187 186 185 183 182 181 179 175 174 173 159 127 126 125 123 119 111 353 330 389 344 312 171 337 390 329 338 271 326 298 305 124 308 325 306 387 240 121 95 226 297 300 232 323 167 228 118 158 157 291 225 293 294 155 216 209 210 204 281 117 212 115 416 122 110 202 284 448 282 201 180 400 184 177 352 388 109 172 198 277 336 278 324 197 151 270 275 392 328 385 170 195 296 178 169 386 304 107 269 322 166 63 321 94 143 165 156 120 292 267 224 103 208 116 290 154 93 280 114 289 153 163 200 276 91 108 150 113 263 274 196 176 149 106 62 194 273 384 168 268 87 105 61 193 142 147 320 164 92 266 102 79 141 59 152 101 265 90 162 288 55 112 139 262 99 89 47 161 31 148 86 135 261 60 272 85 104 146 83 259 192 78 58 77 145 75 57 140 71 100 54 53 51 45 46 43 264 39 138 29 27 30 98 23 88 137 15 97 160 134 133 131 260 84 82 258 81 76 257 74 73 144 70 56 69 52 67 50 42 44 49 41 38 37 26 28 22 25 21 35 19 14 136 13 11 96 132 7 130 129 80 256 72 68 66 65 36 40 48 20 34 24 18 17 33 12 10 9 6 5 3 128 64 16 32 8 4 2 1 0

SNR -8.000
511 510 509 508 507 506 505 504 503 502 501 500 499 498 497 496 495 494 493 492 491 490 489 488 487 486 485 484 483 482 481 480 479 478 477 476 475 474 473 472 471 470 469 468 467 466 465 464 463 462 461 460 459 458 457 456 455 454 453 452 451 450 449 447 446 445 444 443 442 441 440 439 438 437 436 435 434 433 432 431 430 429 428 427 426 425 424 423 422 421 420 419 418 417 415 414 413 412 411 410 409 408 407 406 405 404 403 402 401 399 398 397 396 395 394 393 391 390 389 387 383 382 381 380 379 378 377 376 375 374 373 372 371 370 369 368 367 366 365 364 363 362 361 360 359 358 357 356 355 354 353 351 350 349 348 347 346 345 344 343 342 341 340 339 338 337 335 334 333 332 331 330 329 327 326 319 318 317 316 315 314 313 312 311 310 309 307 306 303 302 301 299 295 287 286 285 283 279 271 255 254 253 252 251 250 249 248 247 246 245 244 243 242 241 240 239 238 237 236 235 234 233 231 230 229 227 223 222 221 220 219 218 217 215 214 213 211 207 206 205 203 199 191 190 189 188 187 186 185 183 182 181 179 175 174 173 171 167 159 158 157 155 127 126 125 124 123 121 119 111 95 305 300 232 325 118 122 323 216 298 294 109 225 115 212 308 226 117 297 284 151 293 107 204 110 228 281 291 278 282 63 209 277 202 210 201 184 198 180 275 178 197 172 170 416 270 448 94 143 400 195 392 177 169 269 103 352 93 120 386 165 328 324 385 388 166 156 91 267 336 322 153 304 296 163 321 154 150 116 292 114 280 224 208 289 263 149 290 113 108 276 106 200 87 62 274 196 176 105 147 61 102 142 194 273 268 168 141 193 92 164 101 266 384 79 59 90 152 162 265 89 99 139 320 112 161 148 86 262 55 288 85 104 60 135 261 146 47 272 78 145 140 100 83 58 31 192 259 77 57 138 88 98 264 54 75 137 53 160 71 97 51 84 134 46 45 260 43 133 39 30 29 27 23 82 131 15 144 81 258 76 56 257 74 73 70 52 69 136 67 96 50 49 44 42 41 38 37 132 26 35 22 28 21 25 19 130 14 13 11 129 80 7 256 72 68 66 65 48 40 36 34 20 24 18 33 12 17 10 9 6 128 5 3 64 16 32 8 4 2 1 0

SNR -7.500
511 510 509 508 507 506 505 504 503 502 501 500 499 498 497 496 495 494 493 492 491 490 489 488 487 486 485 484 483 482 481 480 479 478 477 476 475 474 473 472 471 470 469 468 467 466 465 464 463 462 461 460 459 458 457 456 455 454 453 452 451 450 449 447 446 445 444 443 442 441 440 439 438 437 436 435 434 433 432 431 430 429 428 427 426 425 424 423 422 421 420 419 418 417 415 414 413 412 411 410 409 408 407 406 405 404 403 402 401 399 398 397 396 395 394 393 391 390 389 387 383 382 381 380 379 378 377 376 375 374 373 372 371 370 369 368 367 366 365 364 363 362 361 360 359 358 357 356 355 354 353 351 350 349 348 347 346 345 344 343 342 341 340 339 338 337 335 334 333 332 331 330 329 327 326 325 323 319 318 317 316 315 314 313 312 311 310 309 308 307 306 305 303 302 301 300 299 298 297 295 294 293 291 287 286 285 284 283 279 271 255 254 253 252 251 250 249 248 247 246 245 244 243 242 241 240 239 238 237 236 235 234 233 232 231 230 229 228 227 226 225 223 222 221 220 219 218 217 216 215 214 213 211 210 207 206 205 204 203 202 199 191 190 189 188 187 186 185 184 183 182 181 179 175 174 173 171 167 159 158 157 155 151 143 127 126 125 124 123 122 121 119 118 117 115 111 110 109 107 103 95 94 93 63 281 212 180 201 278 209 277 172 275 270 177 91 169 170 178 282 198 267 166 269 197 195 400 448 87 156 163 352 165 120 392 154 113 116 304 386 114 62 324 336 385 153 388 416 61 106 328 108 263 150 292 296 290 321 224 105 289 149 322 102 147 79 276 200 280 90 59 141 274 176 208 196 273 142 168 92 101 164 266 139 194 99 268 193 86 89 162 265 55 85 152 161 135 384 112 148 262 320 60 146 261 104 78 83 47 58 288 145 140 100 77 57 259 272 138 88 98 54 192 75 31 137 264 97 84 53 134 160 71 51 82 46 260 133 144 45 76 81 56 131 43 258 30 39 29 74 27 23 257 136 52 15 96 73 70 50 69 49 67 132 44 80 42 41 130 38 37 129 35 28 26 25 22 21 19 14 13 256 11 72 7 68 66 48 65 40 36 34 128 33 24 20 18 12 17 10 9 6 5 3 64 32 16 8 4 2 1 0

SNR -7.000
511 510 509 508 507 506 505 504 503 502 501 500 499 498 497 496 495 494 493 492 491 490 489 488 487 486 485 484 483 482 481 480 479 478 477 476 475 474 473 472 471 470 469 468 467 466 465 464 463 462 461 460 459 458 457 456 455 454 453 452 451 450 449 447 446 445 444 443 442 441 440 439 438 437 436 435 434 433 432 431 430 429 428 427 426 425 424 423 422 421 420 419 418 417 415 414 413 412 411 410 409 408 407 406 405 404 403 402 401 399 398 397 396 395 394 393 391 390 389 387 383 382 381 380 379 378 377 376 375 374 373 372 371 370 369 368 367 366 365 364 363 362 361 360 359 358 357 356 355 354 353 351 350 349 348 347 346 345 344 343 342 341 340 339 338 337 335 334 333 332 331 330 329 327 326 325 323 319 318 317 316 315 314 313 312 311 310 309 308 307 306 305 303 302 301 300 299 298 297 295 294 293 291 287 286 285 284 283 282 281 279 278 277 275 271 270 269 267 255 254 253 252 251 250 249 248 247 246 245 244 243 242 241 240 239 238 237 236 235 234 233 232 231 230 229 228 227 226 225 223 222 221 220 219 218 217 216 215 214 213 212 211 210 209 207 206 205 204 203 202 201 199 198 197 195 191 190 189 188 187 186 185 184 183 182 181 180 179 178 177 175 174 173 172 171 170 169 167 166 165 159 158 157 155 151 143 127 126 125 124 123 122 121 119 118 117 115 111 110 109 107 103 95 94 93 91 79 63 62 61 120 87 156 149 163 116 448 400 416 114 154 263 147 59 153 106 105 150 108 352 392 386 101 92 328 139 304 385 336 388 113 142 322 55 296 102 324 290 89 280 224 292 276 208 141 321 289 90 273 274 200 135 168 99 176 268 196 47 193 164 86 194 78 266 152 162 265 85 60 77 161 261 148 112 262 83 57 146 104 145 58 384 140 75 259 138 100 320 54 137 98 88 53 288 31 97 84 272 71 134 51 192 82 46 133 264 160 45 76 81 260 56 144 131 74 43 258 30 52 73 136 39 29 96 70 257 50 27 69 132 49 44 23 80 15 67 42 130 41 129 72 38 28 37 35 26 256 25 22 68 21 48 19 14 13 11 7 66 65 40 128 36 34 33 24 20 18 12 17 10 9 6 5 3 64 32 16 8 4 2 1 0

SNR -6.500
511 510 509 508 507 506 505 504 503 502 501 500 499 498 497 496 495 494 493 492 491 490 489 488 487 486 485 484 483 482 481 480 479 478 477 476 475 474 473 472 471 470 469 468 467 466 465 464 463 462 461 460 459 458 457 456 455 454 453 452 451 450 449 447 446 445 444 443 442 441 440 439 438 437 436 435 434 433 432 431 430 429 428 427 426 425 424 423 422 421 420 419 418 417 415 414 413 412 411 410 409 408 407 406 405 404 403 402 401 399 398 397 396 395 394 393 391 390 389 387 383 382 381 380 379 378 377 376 375 374 373 372 371 370 369 368 367 366 365 364 363 362 361 360 359 358 357 356 355 354 353 351 350 349 348 347 346 345 344 343 342 341 340 339 338 337 335 334 333 332 331 330 329 327 326 325 323 319 318 317 316 315 314 313 312 311 310 309 308 307 306 305 303 302 301 300 299 298 297 295 294 293 291 287 286 285 284 283 282 281 279 278 277 275 271 270 269 267 263 255 254 253 252 251 250 249 248 247 246 245 244 243 242 241 240 239 238 237 236 235 234 233 232 231 230 229 228 227 226 225 223 222 221 220 219 218 217 216 215 214 213 212 211 210 209 207 206 205 204 203 202 201 199 198 197 195 191 190 189 188 187 186 185 184 183 182 181 180 179 178 177 175 174 173 172 171 170 169 167 166 165 163 159 158 157 156 155 154 153 151 150 149 147 143 142 141 139 127 126 125 124 123 122 121 120 119 118 117 116 115 114 113 111 110 109 108 107 106 105 103 95 94 93 92 91 87 79 63 62 61 59 55 400 89 388 47 448 102 99 336 101 392 85 416 86 135 328 90 352 324 83 78 322 224 280 386 304 290 385 289 208 200 60 321 77 176 296 292 196 164 194 58 57 273 268 274 276 54 152 75 266 148 261 193 265 168 161 146 262 112 31 259 145 162 104 71 51 100 140 137 97 84 134 53 384 98 320 138 46 88 45 133 81 82 288 43 76 272 74 192 131 264 56 160 30 52 73 260 39 50 29 144 70 258 136 69 49 27 44 96 257 132 42 80 67 23 41 130 72 38 28 15 129 37 26 68 48 35 25 256 22 66 21 40 19 65 14 13 11 7 36 128 34 33 24 20 18 17 64 12 10 9 6 5 3 32 16 8 4 2 1 0

SNR -6.000
511 510 509 508 507 506 505 504 503 502 501 500 499 498 497 496 495 494 493 492 491 490 489 488 487 486 485 484 483 482 481 480 479 478 477 476 475 474 473 472 471 470 469 468 467 466 465 464 463 462 461 460 459 458 457 456 455 454 453 452 451 450 449 448 447 446 445 444 443 442 441 440 439 438 437 436 435 434 433 432 431 430 429 428 427 426 425 424 423 422 421 420 419 418 417 416 415 414 413 412 411 410 409 408 407 406 405 404 403 402 401 400 399 398 397 396 395 394 393 392 391 390 389 388 387 386 385 383 382 381 380 379 378 377 376 375 374 373 372 371 370 369 368 367 366 365 364 363 362 361 360 359 358 357 356 355 354 353 351 350 349 348 347 346 345 344 343 342 341 340 339 338 337 336 335 334 333 332 331 330 329 327 326 325 323 321 319 318 317 316 315 314 313 312 311 310 309 308 307 306 305 304 303 302 301 300 299 298 297 295 294 293 291 287 286 285 284 283 282 281 279 278 277 275 271 270 269 267 263 255 254 253 252 251 250 249 248 247 246 245 244 243 242 241 240 239 238 237 236 235 234 233 232 231 230 229 228 227 226 225 223 222 221 220 219 218 217 216 215 214 213 212 211 210 209 207 206 205 204 203 202 201 199 198 197 195 191 190 189 188 187 186 185 184 183 182 181 180 179 178 177 175 174 173 172 171 170 169 167 166 165 163 159 158 157 156 155 154 153 151 150 149 147 143 142 141 139 135 127 126 125 124 123 122 121 120 119 118 117 116 115 114 113 111 110 109 108 107 106 105 103 102 101 99 95 94 93 92 91 90 89 87 86 85 83 79 78 77 63 62 61 59 55 47 31 352 58 57 324 328 322 60 280 208 75 224 53 274 276 200 290 289 292 296 193 71 196 273 54 266 176 46 164 51 168 45 194 152 162 268 262 265 146 140 261 161 112 259 98 145 104 88 148 134 84 137 97 100 82 138 43 76 133 81 384 39 320 131 56 74 288 29 73 70 272 69 160 192 30 50 264 52 27 49 260 44 144 258 42 136 67 23 41 96 257 132 38 80 28 130 37 72 26 15 129 68 35 48 25 22 66 40 21 256 65 36 14 19 13 128 34 11 24 7 33 20 64 18 17 12 10 9 6 5 3 32 16 8 4 2 1 0

SNR -5.500
511 510 509 508 507 506 505 504 503 502 501 500 499 498 497 496 495 494 493 492 491 490 489 488 487 486 485 484 483 482 481 480 479 478 477 476 475 474 473 472 471 470 469 468 467 466 465 464 463 462 461 460 459 458 457 456 455 454 453 452 451 450 449 448 447 446 445 444 443 442 441 440 439 438 437 436 435 434 433 432 431 430 429 428 427 426 425 424 423 422 421 420 419 418 417 416 415 414 413 412 411 410 409 408 407 406 405 404 403 402 401 400 399 398 397 396 395 394 393 392 391 390 389 388 387 386 385 383 382 381 380 379 378 377 376 375 374 373 372 371 370 369 368 367 366 365 364 363 362 361 360 359 358 357 356 355 354 353 352 351 350 349 348 347 346 345 344 343 342 341 340 339 338 337 336 335 334 333 332 331 330 329 328 327 326 325 324 323 322 321 319 318 317 316 315 314 313 312 311 310 309 308 307 306 305 304 303 302 301 300 299 298 297 296 295 294 293 292 291 290 289 287 286 285 284 283 282 281 279 278 277 276 275 271 270 269 268 267 263 255 254 253 252 251 250 249 248 247 246 245 244 243 242 241 240 239 238 237 236 235 234 233 232 231 230 229 228 227 226 225 224 223 222 221 220 219 218 217 216 215 214 213 212 211 210 209 208 207 206 205 204 203 202 201 200 199 198 197 196 195 194 191 190 189 188 187 186 185 184 183 182 181 180 179 178 177 175 174 173 172 171 170 169 167 166 165 163 159 158 157 156 155 154 153 151 150 149 147 143 142 141 139 135 127 126 125 124 123 122 121 120 119 118 117 116 115 114 113 111 110 109 108 107 106 105 103 102 101 99 95 94 93 92 91 90 89 87 86 85 83 79 78 77 75 71 63 62 61 60 59 58 57 55 54 53 51 47 46 45 43 31 266 193 164 273 162 176 280 39 274 152 262 148 265 146 145 168 259 30 104 261 161 98 100 97 134 29 140 27 138 82 81 88 84 137 112 73 133 74 76 131 70 69 384 52 288 56 320 41 23 49 192 272 42 50 67 44 160 258 144 37 264 38 15 260 136 96 28 26 132 257 80 35 130 25 72 22 129 68 48 21 66 40 65 19 36 14 256 13 34 24 33 11 128 20 7 18 64 12 17 10 32 9 6 5 3 16 8 4 2 1 0

SNR -5.000
511 510 509 508 507 506 505 504 503 502 501 500 499 498 497 496 495 494 493 492 491 490 489 488 487 486 485 484 483 482 481 480 479 478 477 476 475 474 473 472 471 470 469 468 467 466 465 464 463 462 461 460 459 458 457 456 455 454 453 452 451 450 449 448 447 446 445 444 443 442 441 440 439 438 437 436 435 434 433 432 431 430 429 428 427 426 425 424 423 422 421 420 419 418 417 416 415 414 413 412 411 410 409 408 407 406 405 404 403 402 401 400 399 398 397 396 395 394 393 392 391 390 389 388 387 386 385 383 382 381 380 379 378 377 376 375 374 373 372 371 370 369 368 367 366 365 364 363 362 361 360 359 358 357 356 355 354 353 352 351 350 349 348 347 346 345 344 343 342 341 340 339 338 337 336 335 334 333 332 331 330 329 328 327 326 325 324 323 322 321 319 318 317 316 315 314 313 312 311 310 309 308 307 306 305 304 303 302 301 300 299 298 297 296 295 294 293 292 291 290 289 287 286 285 284 283 282 281 280 279 278 277 276 275 274 273 271 270 269 268 267 266 265 263 262 255 254 253 252 251 250 249 248 247 246 245 244 243 242 241 240 239 238 237 236 235 234 233 232 231 230 229 228 227 226 225 224 223 222 221 220 219 218 217 216 215 214 213 212 211 210 209 208 207 206 205 204 203 202 201 200 199 198 197 196 195 194 193 191 190 189 188 187 186 185 184 183 182 181 180 179 178 177 176 175 174 173 172 171 170 169 168 167 166 165 164 163 162 161 159 158 157 156 155 154 153 152 151 150 149 148 147 146 145 143 142 141 140 139 135 127 126 125 124 123 122 121 120 119 118 117 116 115 114 113 112 111 110 109 108 107 106 105 104 103 102 101 99 95 94 93 92 91 90 89 87 86 85 83 79 78 77 75 71 63 62 61 60 59 58 57 55 54 53 51 47 46 45 43 39 31 30 29 27 23 137 84 134 138 261 259 100 97 88 76 133 52 131 73 74 81 98 69 44 56 50 49 82 41 67 42 70 320 15 384 264 160 288 26 192 37 28 272 38 136 132 35 25 260 22 258 144 21 257 96 72 80 130 19 68 129 66 48 14 40 65 13 36 34 11 24 33 20 256 18 7 128 17 12 64 10 9 32 6 5 16 3 8 4 2 1 0

SNR -4.500
511 510 509 508 507 506 505 504 503 502 501 500 499 498 497 496 495 494 493 492 491 490 489 488 487 486 485 484 483 482 481 480 479 478 477 476 475 474 473 472 471 470 469 468 467 466 465 464 463 462 461 460 459 458 457 456 455 454 453 452 451 450 449 448 447 446 445 444 443 442 441 440 439 438 437 436 435 434 433 432 431 430 429 428 427 426 425 424 423 422 421 420 419 418 417 416 415 414 413 412 411 410 409 408 407 406 405 404 403 402 401 400 399 398 397 396 395 394 393 392 391 390 389 388 387 386 385 383 382 381 380 379 378 377 376 375 374 373 372 371 370 369 368 367 366 365 364 363 362 361 360 359 358 357 356 355 354 353 352 351 350 349 348 347 346 345 344 343 342 341 340 339 338 337 336 335 334 333 332 331 330 329 328 327 326 325 324 323 322 321 319 318 317 316 315 314 313 312 311 310 309 308 307 306 305 304 303 302 301 300 299 298 297 296 295 294 293 292 291 290 289 287 286 285 284 283 282 281 280 279 278 277 276 275 274 273 271 270 269 268 267 266 265 263 262 261 259 255 254 253 252 251 250 249 248 247 246 245 244 243 242 241 240 239 238 237 236 235 234 233 232 231 230 229 228 227 226 225 224 223 222 221 220 219 218 217 216 215 214 213 212 211 210 209 208 207 206 205 204 203 202 201 200 199 198 197 196 195 194 193 191 190 189 188 187 186 185 184 183 182 181 180 179 178 177 176 175 174 173 172 171 170 169 168 167 166 165 164 163 162 161 159 158 157 156 155 154 153 152 151 150 149 148 147 146 143 142 141 140 139 138 137 135 134 133 127 126 125 124 123 122 121 120 119 118 117 116 115 114 113 112 111 110 109 108 107 106 105 104 103 102 101 100 99 98 97 95 94 93 92 91 90 89 88 87 86 85 84 83 82 81 79 78 77 75 74 73 71 70 63 62 61 60 59 58 57 56 55 54 53 52 51 50 47 46 45 44 43 41 39 31 30 29 27 23 15 69 49 131 145 42 37 67 76 38 28 35 26 25 384 22 21 288 320 192 260 160 272 13 96 258 14 257 144 264 136 19 132 130 11 80 40 66 129 72 68 36 48 65 34 24 33 20 7 18 17 256 12 128 10 9 64 6 32 5 16 3 8 4 2 1 0

SNR -4.000
511 510 509 508 507 506 505 504 503 502 501 500 499 498 497 496 495 494 493 492 491 490 489 488 487 486 485 484 483 482 481 480 479 478 477 476 475 474 473 472 471 470 469 468 467 466 465 464 463 462 461 460 459 458 457 456 455 454 453 452 451 450 449 448 447 446 445 444 443 442 441 440 439 438 437 436 435 434 433 432 431 430 429 428 427 426 425 424 423 422 421 420 419 418 417 416 415 414 413 412 411 410 409 408 407 406 405 404 403 402 401 400 399 398 397 396 395 394 393 392 391 390 389 388 387 386 385 383 382 381 380 379 378 377 376 375 374 373 372 371 370 369 368 367 366 365 364 363 362 361 360 359 358 357 356 355 354 353 352 351 350 349 348 347 346 345 344 343 342 341 340 339 338 337 336 335 334 333 332 331 330 329 328 327 326 325 324 323 322 321 319 318 317 316 315 314 313 312 311 310 309 308 307 306 305 304 303 302 301 300 299 298 297 296 295 294 293 292 291 290 289 287 286 285 284 283 282 281 280 279 278 277 276 275 274 273 271 270 269 268 267 266 265 263 262 261 259 255 254 253 252 251 250 249 248 247 246 245 244 243 242 241 240 239 238 237 236 235 234 233 232 231 230 229 228 227 226 225 224 223 222 221 220 219 218 217 216 215 214 213 212 211 210 209 208 207 206 205 204 203 202 201 200 199 198 197 196 195 194 193 191 190 189 188 187 186 185 184 183 182 181 180 179 178 177 176 175 174 173 172 171 170 169 168 167 166 165 164 163 162 161 159 158 157 156 155 154 153 152 151 150 149 148 147 146 145 143 142 141 140 139 138 137 135 134 133 131 127 126 125 124 123 122 121 120 119 118 117 116 115 114 113 112 111 110 109 108 107 106 105 104 103 102 101 100 99 98 97 95 94 93 92 91 90 89 88 87 86 85 84 83 82 81 79 78 77 76 75 74 73 71 70 69 67 63 62 61 60 59 58 57 56 55 54 53 52 51 50 49 47 46 45 44 43 42 41 39 38 37 31 30 29 28 27 26 23 22 15 35 25 21 19 13 14 384 11 320 264 288 160 272 192 144 136 258 260 96 257 132 80 68 130 40 7 66 129 72 36 34 65 24 48 20 33 18 17 12 10 9 256 128 6 64 5 32 3 16 8 4 2 1 0

SNR -3.500
511 510 509 508 507 506 505 504 503 502 501 500 499 498 497 496 495 494 493 492 491 490 489 488 487 486 485 484 483 482 481 480 479 478 477 476 475 474 473 472 471 470 469 468 467 466 465 464 463 462 461 460 459 458 457 456 455 454 453 452 451 450 449 448 447 446 445 444 443 442 441 440 439 438 437 436 435 434 433 432 431 430 429 428 427 426 425 424 423 422 421 420 419 418 417 416 415 414 413 412 411 410 409 408 407 406 405 404 403 402 401 400 399 398 397 396 395 394 393 392 391 390 389 388 387 386 385 383 382 381 380 379 378 377 376 375 374 373 372 371 370 369 368 367 366 365 364 363 362 361 360 359 358 357 356 355 354 353 352 351 350 349 348 347 346 345 344 343 342 341 340 339 338 337 336 335 334 333 332 331 330 329 328 327 326 325 324 323 322 321 319 318 317 316 315 314 313 312 311 310 309 308 307 306 305 304 303 302 301 300 299 298 297 296 295 294 293 292 291 290 289 287 286 285 284 283 282 281 280 279 278 277 276 275 274 273 271 270 269 268 267 266 265 263 262 261 259 255 254 253 252 251 250 249 248 247 246 245 244 243 242 241 240 239 238 237 236 235 234 233 232 231 230 229 228 227 226 225 224 223 222 221 220 219 218 217 216 215 214 213 212 211 210 209 208 207 206 205 204 203 202 201 200 199 198 197 196 195 194 193 191 190 189 188 187 186 185 184 183 182 181 180 179 178 177 176 175 174 173 172 171 170 169 168 167 166 165 164 163 162 161 159 158 157 156 155 154 153 152 151 150 149 148 147 146 145 143 142 141 140 139 138 137 135 134 133 131 127 126 125 124 123 122 121 120 119 118 117 116 115 114 113 112 111 110 109 108 107 106 105 104 103 102 101 100 99 98 97 95 94 93 92 91 90 89 88 87 86 85 84 83 82 81 79 78 77 76 75 74 73 71 70 69 67 63 62 61 60 59 58 57 56 55 54 53 52 51 50 49 47 46 45 44 43 42 41 39 38 37 35 31 30 29 28 27 26 25 23 22 21 19 15 14 13 11 384 320 7 272 192 160 260 288 264 257 136 144 132 72 258 80 36 96 48 66 130 40 129 34 65 24 68 33 12 9 20 17 10 5 18 6 256 128 3 64 32 16 8 4 2 1 0

SNR -3.000
511 510 509 508 507 506 505 504 503 502 501 500 499 498 497 496 495 494 493 492 491 490 489 488 487 486 485 484 483 482 481 480 479 478 477 476 475 474 473 472 471 470 469 468 467 466 465 464 463 462 461 460 459 458 457 456 455 454 453 452 451 450 449 448 447 446 445 444 443 442 441 440 439 438 437 436 435 434 433 432 431 430 429 428 427 426 425 424 423 422 421 420 419 418 417 416 415 414 413 412 411 410 409 408 407 406 405 404 403 402 401 400 399 398 397 396 395 394 393 392 391 390 389 388 387 386 385 384 383 382 381 380 379 378 377 376 375 374 373 372 371 370 369 368 367 366 365 364 363 362 361 360 359 358 357 356 355 354 353 352 351 350 349 348 347 346 345 344 343 342 341 340 339 338 337 336 335 334 333 332 331 330 329 328 327 326 325 324 323 322 321 320 319 318 317 316 315 314 313 312 311 310 309 308 307 306 305 304 303 302 301 300 299 298 297 296 295 294 293 292 291 290 289 288 287 286 285 284 283 282 281 280 279 278 277 276 275 274 273 271 270 269 268 267 266 265 264 263 262 261 260 259 255 254 253 252 251 250 249 248 247 246 245 244 243 242 241 240 239 238 237 236 235 234 233 232 231 230 229 228 227 226 225 224 223 222 221 220 219 218 217 216 215 214 213 212 211 210 209 208 207 206 205 204 203 202 201 200 199 198 197 196 195 194 193 192 191 190 189 188 187 186 185 184 183 182 181 180 179 178 177 176 175 174 173 172 171 170 169 168 167 166 165 164 163 162 161 159 158 157 156 155 154 153 152 151 150 149 148 147 146 145 143 142 141 140 139 138 137 136 135 134 133 131 127 126 125 124 123 122 121 120 119 118 117 116 115 114 113 112 111 110 109 108 107 106 105 104 103 102 101 100 99 98 97 95 94 93 92 91 90 89 88 87 86 85 84 83 82 81 79 78 77 76 75 74 73 71 70 69 67 63 62 61 60 59 58 57 56 55 54 53 52 51 50 49 47 46 45 44 43 42 41 39 38 37 35 31 30 29 28 27 26 25 23 22 21 19 15 14 13 11 7 96 80 272 144 257 160 129 130 258 48 40 132 66 68 24 34 72 33 65 36 20 12 17 10 9 18 5 6 3 256 64 128 32 16 8 4 2 1 0

SNR -2.500
511 510 509 508 507 506 505 504 503 502 501 500 499 498 497 496 495 494 493 492 491 490 489 488 487 486 485 484 483 482 481 480 479 478 477 476 475 474 473 472 471 470 469 468 467 466 465 464 463 462 461 460 459 458 457 456 455 454 453 452 451 450 449 448 447 446 445 444 443 442 441 440 439 438 437 436 435 434 433 432 431 430 429 428 427 426 425 424 423 422 421 420 419 418 417 416 415 414 413 412 411 410 409 408 407 406 405 404 403 402 401 400 399 398 397 396 395 394 393 392 391 390 389 388 387 386 385 384 383 382 381 380 379 378 377 376 375 374 373 372 371 370 369 368 367 366 365 364 363 362 361 360 359 358 357 356 355 354 353 352 351 350 349 348 347 346 345 344 343 342 341 340 339 338 337 336 335 334 333 332 331 330 329 328 327 326 325 324 323 322 321 320 319 318 317 316 315 314 313 312 311 310 309 308 307 306 305 304 303 302 301 300 299 298 297 296 295 294 293 292 291 290 289 288 287 286 285 284 283 282 281 280 279 278 277 276 275 274 273 272 271 270 269 268 267 266 265 264 263 262 261 260 259 258 257 255 254 253 252 251 250 249 248 247 246 245 244 243 242 241 240 239 238 237 236 235 234 233 232 231 230 229 228 227 226 225 224 223 222 221 220 219 218 217 216 215 214 213 212 211 210 209 208 207 206 205 204 203 202 201 200 199 198 197 196 195 194 193 192 191 190 189 188 187 186 185 184 183 182 181 180 179 178 177 176 175 174 173 172 171 170 169 168 167 166 165 164 163 162 161 160 159 158 157 156 155 154 153 152 151 150 149 148 147 146 145 144 143 142 141 140 139 138 137 136 135 134 133 132 131 130 129 127 126 125 124 123 122 121 120 119 118 117 116 115 114 113 112 111 110 109 108 107 106 105 104 103 102 101 100 99 98 97 96 95 94 93 92 91 90 89 88 87 86 85 84 83 82 81 80 79 78 77 76 75 74 73 72 71 70 69 68 67 66 63 62 61 60 59 58 57 56 55 54 53 52 51 50 49 48 47 46 45 44 43 42 41 40 39 38 37 36 35 31 30 29 28 27 26 25 23 22 21 19 15 14 13 11 7 20 65 33 34 17 24 18 12 5 6 9 10 3 256 128 32 64 16 4 8 2 1 0

SNR -2.000
511 510 509 508 507 506 505 504 503 502 501 500 499 498 497 496 495 494 493 492 491 490 489 488 487 486 485 484 483 482 481 480 479 478 477 476 475 474 473 472 471 470 469 468 467 466 465 464 463 462 461 460 459 458 457 456 455 454 453 452 451 450 449 448 447 446 445 444 443 442 441 440 439 438 437 436 435 434 433 432 431 430 429 428 427 426 425 424 423 422 421 420 419 418 417 416 415 414 413 412 411 410 409 408 407 406 405 404 403 402 401 400 399 398 397 396 395 394 393 392 391 390 389 388 387 386 385 384 383 382 381 380 379 378 377 376 375 374 373 372 371 370 369 368 367 366 365 364 363 362 361 360 359 358 357 356 355 354 353 352 351 350 349 348 347 346 345 344 343 342 341 340 339 338 337 336 335 334 333 332 331 330 329 328 327 326 325 324 323 322 321 320 319 318 317 316 315 314 313 312 311 310 309 308 307 306 305 304 303 302 301 300 299 298 297 296 295 294 293 292 291 290 289 288 287 286 285 284 283 282 281 280 279 278 277 276 275 274 273 272 271 270 269 268 267 266 265 264 263 262 261 260 259 258 257 255 254 253 252 251 250 249 248 247 246 245 244 243 242 241 240 239 238 237 236 235 234 233 232 231 230 229 228 227 226 225 224 223 222 221 220 219 218 217 216 215 214 213 212 211 210 209 208 207 206 205 204 203 202 201 200 199 198 197 196 195 194 193 192 191 190 189 188 187 186 185 184 183 182 181 180 179 178 177 176 175 174 173 172 171 170 169 168 167 166 165 164 163 162 161 160 159 158 157 156 155 154 153 152 151 150 149 148 147 146 145 144 143 142 141 140 139 138 137 136 135 134 133 132 131 130 129 127 126 125 124 123 122 121 120 119 118 117 116 115 114 113 112 111 110 109 108 107 106 105 104 103 102 101 100 99 98 97 96 95 94 93 92 91 90 89 88 87 86 85 84 83 82 81 80 79 78 77 76 75 74 73 72 71 70 69 68 67 66 65 63 62 61 60 59 58 57 56 55 54 53 52 51 50 49 48 47 46 45 44 43 42 41 40 39 38 37 36 35 34 33 31 30 29 28 27 26 25 24 23 22 21 20 19 17 15 14 13 12 11 9 7 10 6 18 5 3 256 128 32 8 4 64 16 1 2 0

SNR -1.500
511 510 509 508 507 506 505 504 503 502 501 500 499 498 497 496 495 494 493 492 491 490 489 488 487 486 485 484 483 482 481 480 479 478 477 476 475 474 473 472 471 470 469 468 467 466 465 464 463 462 461 460 459 458 457 456 455 454 453 452 451 450 449 448 447 446 445 444 443 442 441 440 439 438 437 436 435 434 433 432 431 430 429 428 427 426 425 424 423 422 421 420 419 418 417 416 415 414 413 412 411 410 409 408 407 406 405 404 403 402 401 400 399 398 397 396 395 394 393 392 391 390 389 388 387 386 385 384 383 382 381 380 379 378 377 376 375 374 373 372 371 370 369 368 367 366 365 364 363 362 361 360 359 358 357 356 355 354 353 352 351 350 349 348 347 346 345 344 343 342 341 340 339 338 337 336 335 334 333 332 331 330 329 328 327 326 325 324 323 322 321 320 319 318 317 316 315 314 313 312 311 310 309 308 307 306 305 304 303 302 301 300 299 298 297 296 295 294 293 292 291 290 289 288 287 286 285 284 283 282 281 280 279 278 277 276 275 274 273 272 271 270 269 268 267 266 265 264 263 262 261 260 259 258 257 255 254 253 252 251 250 249 248 247 246 245 244 243 242 241 240 239 238 237 236 235 234 233 232 231 230 229 228 227 226 225 224 223 222 221 220 219 218 217 216 215 214 213 212 211 210 209 208 207 206 205 204 203 202 201 200 199 198 197 196 195 194 193 192 191 190 189 188 187 186 185 184 183 182 181 180 179 178 177 176 175 174 173 172 171 170 169 168 167 166 165 164 163 162 161 160 159 158 157 156 155 154 153 152 151 150 149 148 147 146 145 144 143 142 141 140 139 138 137 136 135 134 133 132 131 130 129 127 126 125 124 123 122 121 120 119 118 117 116 115 114 113 112 111 110 109 108 107 106 105 104 103 102 101 100 99 98 97 96 95 94 93 92 91 90 89 88 87 86 85 84 83 82 81 80 79 78 77 76 75 74 73 72 71 70 69 68 67 66 65 63 62 61 60 59 58 57 56 55 54 53 52 51 50 49 48 47 46 45 44 43 42 41 40 39 38 37 36 35 34 33 31 30 29 28 27 26 25 24 23 22 21 20 19 18 17 15 14 13 12 11 10 9 7 6 5 3 256 128 64 16 8 32 2 1 4 0

SNR -1.000
511 510 509 508 507 506 505 504 503 502 501 500 499 498 497 496 495 494 493 492 491 490 489 488 487 486 485 484 483 482 481 480 479 478 477 476 475 474 473 472 471 470 469 468 467 466 465 464 463 462 461 460 459 458 457 456 455 454 453 452 451 450 449 448 447 446 445 444 443 442 441 440 439 438 437 436 435 434 433 432 431 430 429 428 427 426 425 424 423 422 421 420 419 418 417 416 415 414 413 412 411 410 409 408 407 406 405 404 403 402 401 400 399 398 397 396 395 394 393 392 391 390 389 388 387 386 385 384 383 382 381 380 379 378 377 376 375 374 373 372 371 370 369 368 367 366 365 364 363 362 361 360 359 358 357 356 355 354 353 352 351 350 349 348 347 346 345 344 343 342 341 340 339 338 337 336 335 334 333 332 331 330 329 328 327 326 325 324 323 322 321 320 319 318 317 316 315 314 313 312 311 310 309 308 307 306 305 304 303 302 301 300 299 298 297 296 295 294 293 292 291 290 289 288 287 286 285 284 283 282 281 280 279 278 277 276 275 274 273 272 271 270 269 268 267 266 265 264 263 262 261 260 259 258 257 255 254 253 252 251 250 249 248 247 246 245 244 243 242 241 240 239 238 237 236 235 234 233 232 231 230 229 228 227 226 225 224 223 222 221 220 219 218 217 216 215 214 213 212 211 210 209 208 207 206 205 204 203 202 201 200 199 198 197 196 195 194 193 192 191 190 189 188 187 186 185 184 183 182 181 180 179 178 177 176 175 174 173 172 171 170 169 168 167 166 165 164 163 162 161 160 159 158 157 156 155 154 153 152 151 150 149 148 147 146 145 144 143 142 141 140 139 138 137 136 135 134 133 132 131 130 129 127 126 125 124 123 122 121 120 119 118 117 116 115 114 113 112 111 110 109 108 107 106 105 104 103 102 101 100 99 98 97 96 95 94 93 92 91 90 89 88 87 86 85 84 83 82 81 80 79 78 77 76 75 74 73 72 71 70 69 68 67 66 65 63 62 61 60 59 58 57 56 55 54 53 52 51 50 49 48 47 46 45 44 43 42 41 40 39 38 37 36 35 34 33 31 30 29 28 27 26 25 24 23 22 21 20 19 18 17 15 14 13 12 11 10 9 7 6 5 3 256 64 128 32 2 16 4 8 1 0

SNR -0.500
511 510 509 508 507 506 505 504 503 502 501 500 499 498 497 496 495 494 493 492 491 490 489 488 487 486 485 484 483 482 481 480 479 478 477 476 475 474 473 472 471 470 469 468 467 466 465 464 463 462 461 460 459 458 457 456 455 454 453 452 451 450 449 448 447 446 445 444 443 442 441 440 439 438 437 436 435 434 433 432 431 430 429 428 427 426 425 424 423 422 421 420 419 418 417 416 415 414 413 412 411 410 409 408 407 406 405 404 403 402 401 400 399 398 397 396 395 394 393 392 391 390 389 388 387 386 385 384 383 382 381 380 379 378 377 376 375 374 373 372 371 370 369 368 367 366 365 364 363 362 361 360 359 358 357 356 355 354 353 352 351 350 349 348 347 346 345 344 343 342 341 340 339 338 337 336 335 334 333 332 331 330 329 328 327 326 325 324 323 322 321 320 319 318 317 316 315 314 313 312 311 310 309 308 307 306 305 304 303 302 301 300 299 298 297 296 295 294 293 292 291 290 289 288 287 286 285 284 283 282 281 280 279 278 277 276 275 274 273 272 271 270 269 268 267 266 265 264 263 262 261 260 259 258 257 255 254 253 252 251 250 249 248 247 246 245 244 243 242 241 240 239 238 237 236 235 234 233 232 231 230 229 228 227 226 225 224 223 222 221 220 219 218 217 216 215 214 213 212 211 210 209 208 207 206 205 204 203 202 201 200 199 198 197 196 195 194 193 192 191 190 189 188 187 186 185 184 183 182 181 180 179 178 177 176 175 174 173 172 171 170 169 168 167 166 165 164 163 162 161 160 159 158 157 156 155 154 153 152 151 150 149 148 147 146 145 144 143 142 141 140 139 138 137 136 135 134 133 132 131 130 129 127 126 125 124 123 122 121 120 119 118 117 116 115 114 113 112 111 110 109 108 107 106 105 104 103 102 101 100 99 98 97 96 95 94 93 92 91 90 89 88 87 86 85 84 83 82 81 80 79 78 77 76 75 74 73 72 71 70 69 68 67 66 65 63 62 61 60 59 58 57 56 55 54 53 52 51 50 49 48 47 46 45 44 43 42 41 40 39 38 37 36 35 34 33 31 30 29 28 27 26 25 24 23 22 21 20 19 18 17 15 14 13 12 11 10 9 7 6 5 3 256 128 64 32 16 8 4 2 1 0

SNR 0.000
511 510 509 508 507 506 505 504 503 502 501 500 499 498 497 496 495 494 493 492 491 490 489 488 487 486 485 484 483 482 481 480 479 478 477 476 475 474 473 472 471 470 469 468 467 466 465 464 463 462 461 460 459 458 457 456 455 454 453 452 451 450 449 448 447 446 445 444 443 442 441 440 439 438 437 436 435 434 433 432 431 430 429 428 427 426 425 424 423 422 421 420 419 418 417 416 415 414 413 412 411 410 409 408 407 406 405 404 403 402 401 400 399 398 397 396 395 394 393 392 391 390 389 388 387 386 385 384 383 382 381 380 379 378 377 376 375 374 373 372 371 370 369 368 367 366 365 364 363 362 361 360 359 358 357 356 355 354 353 352 351 350 349 348 347 346 345 344 343 342 341 340 339 338 337 336 335 334 333 332 331 330 329 328 327 326 325 324 323 322 321 320 319 318 317 316 315 314 313 312 311 310 309 308 307 306 305 304 303 302 301 300 299 298 297 296 295 294 293 292 291 290 289 288 287 286 285 284 283 282 281 280 279 278 277 276 275 274 273 272 271 270 269 268 267 266 265 264 263 262 261 260 259 258 257 256 255 254 253 252 251 250 249 248 247 246 245 244 243 242 241 240 239 238 237 236 235 234 233 232 231 230 229 228 227 226 225 224 223 222 221 220 219 218 217 216 215 214 213 212 211 210 209 208 207 206 205 204 203 202 201 200 199 198 197 196 195 194 193 192 191 190 189 188 187 186 185 184 183 182 181 180 179 178 177 176 175 174 173 172 171 170 169 168 167 166 165 164 163 162 161 160 159 158 157 156 155 154 153 152 151 150 149 148 147 146 145 144 143 142 141 140 139 138 137 136 135 134 133 132 131 130 129 128 127 126 125 124 123 122 121 120 119 118 117 116 115 114 113 112 111 110 109 108 107 106 105 104 103 102 101 100 99 98 97 96 95 94 93 92 91 90 89 88 87 86 85 84 83 82 81 80 79 78 77 76 75 74 73 72 71 70 69 68 67 66 65 64 63 62 61 60 59 58 57 56 55 54 53 52 51 50 49 48 47 46 45 44 43 42 41 40 39 38 37 36 35 34 33 32 31 30 29 28 27 26 25 24 23 22 21 20 19 18 17 16 15 14 13 12 11 10 9 7 6 5 3 2 8 4 1 0

SNR 0.500
511 510 509 508 507 506 505 504 503 502 501 500 499 498 497 496 495 494 493 492 491 490 489 488 487 486 485 484 483 482 481 480 479 478 477 476 475 474 473 472 471 470 469 468 467 466 465 464 463 462 461 460 459 458 457 456 455 454 453 452 451 450 449 448 447 446 445 444 443 442 441 440 439 438 437 436 435 434 433 432 431 430 429 428 427 426 425 424 423 422 421 420 419 418 417 416 415 414 413 412 411 410 409 408 407 406 405 404 403 402 401 400 399 398 397 396 395 394 393 392 391 390 389 388 387 386 385 384 383 382 381 380 379 378 377 376 375 374 373 372 371 370 369 368 367 366 365 364 363 362 361 360 359 358 357 356 355 354 353 352 351 350 349 348 347 346 345 344 343 342 341 340 339 338 337 336 335 334 333 332 331 330 329 328 327 326 325 324 323 322 321 320 319 318 317 316 315 314 313 312 311 310 309 308 307 306 305 304 303 302 301 300 299 298 297 296 295 294 293 292 291 290 289 288 287 286 285 284 283 282 281 280 279 278 277 276 275 274 273 272 271 270 269 268 267 266 265 264 263 262 261 260 259 258 257 256 255 254 253 252 251 250 249 248 247 246 245 244 243 242 241 240 239 238 237 236 235 234 233 232 231 230 229 228 227 226 225 224 223 222 221 220 219 218 217 216 215 214 213 212 211 210 209 208 207 206 205 204 203 202 201 200 199 198 197 196 195 194 193 192 191 190 189 188 187 186 185 184 183 182 181 180 179 178 177 176 175 174 173 172 171 170 169 168 167 166 165 164 163 162 161 160 159 158 157 156 155 154 153 152 151 150 149 148 147 146 145 144 143 142 141 140 139 138 137 136 135 134 133 132 131 130 129 128 127 126 125 124 123 122 121 120 119 118 117 116 115 114 113 112 111 110 109 108 107 106 105 104 103 102 101 100 99 98 97 96 95 94 93 92 91 90 89 88 87 86 85 84 83 82 81 80 79 78 77 76 75 74 73 72 71 70 69 68 67 66 65 64 63 62 61 60 59 58 57 56 55 54 53 52 51 50 49 48 47 46 45 44 43 42 41 40 39 38 37 36 35 34 33 32 31 30 29 28 27 26 25 24 23 22 21 20 19 18 17 16 15 14 13 12 11 10 9 8 7 6 5 4 3 1 2 0

SNR 1.000
511 510 509 508 507 506 505 504 503 502 501 500 499 498 497 496 495 494 493 492 491 490 489 488 487 486 485 484 483 482 481 480 479 478 477 476 475 474 473 472 471 470 469 468 467 466 465 464 463 462 461 460 459 458 457 456 455 454 453 452 451 450 449 448 447 446 445 444 443 442 441 440 439 438 437 436 435 434 433 432 431 430 429 428 427 426 425 424 423 422 421 420 419 418 417 416 415 414 413 412 411 410 409 408 407 406 405 404 403 402 401 400 399 398 397 396 395 394 393 392 391 390 389 388 387 386 385 384 383 382 381 380 379 378 377 376 375 374 373 372 371 370 369 368 367 366 365 364 363 362 361 360 359 358 357 356 355 354 353 352 351 350 349 348 347 346 345 344 343 342 341 340 339 338 337 336 335 334 333 332 331 330 329 328 327 326 325 324 323 322 321 320 319 318 317 316 315 314 313 312 311 310 309 308 307 306 305 304 303 302 301 300 299 298 297 296 295 294 293 292 291 290 289 288 287 286 285 284 283 282 281 280 279 278 277 276 275 274 273 272 271 270 269 268 267 266 265 264 263 262 261 260 259 258 257 256 255 254 253 252 251 250 249 248 247 246 245 244 243 242 241 240 239 238 237 236 235 234 233 232 231 230 229 228 227 226 225 224 223 222 221 220 219 218 217 216 215 214 213 212 211 210 209 208 207 206 205 204 203 202 201 200 199 198 197 196 195 194 193 192 191 190 189 188 187 186 185 184 183 182 181 180 179 178 177 176 175 174 173 172 171 170 169 168 167 166 165 164 163 162 161 160 159 158 157 156 155 154 153 152 151 150 149 148 147 146 145 144 143 142 141 140 139 138 137 136 135 134 133 132 131 130 129 128 127 126 125 124 123 122 121 120 119 118 117 116 115 114 113 112 111 110 109 108 107 106 105 104 103 102 101 100 99 98 97 96 95 94 93 92 91 90 89 88 87 86 85 84 83 82 81 80 79 78 77 76 75 74 73 72 71 70 69 68 67 66 65 64 63 62 61 60 59 58 57 56 55 54 53 52 51 50 49 48 47 46 45 44 43 42 41 40 39 38 37 36 35 34 33 32 31 30 29 28 27 26 25 24 23 22 21 20 19 18 17 16 15 14 13 12 11 10 9 8 7 6 5 4 3 2 1 0

SNR 1.500
511 510 509 508 507 506 505 504 503 502 501 500 499 498 497 496 495 494 493 492 491 490 489 488 487 486 485 484 483 482 481 480 479 478 477 476 475 474 473 472 471 470 469 468 467 466 465 464 463 462 461 460 459 458 457 456 455 454 453 452 451 450 449 448 447 446 445 444 443 442 441 440 439 438 437 436 435 434 433 432 431 430 429 428 427 426 425 424 423 422 421 420 419 418 417 416 415 414 413 412 411 410 409 408 407 406 405 404 403 402 401 400 399 398 397 396 395 394 393 392 391 390 389 388 387 386 385 384 383 382 381 380 379 378 377 376 375 374 373 372 371 370 369 368 367 366 365 364 363 362 361 360 359 358 357 356 355 354 353 352 351 350 349 348 347 346 345 344 343 342 341 340 339 338 337 336 335 334 333 332 331 330 329 328 327 326 325 324 323 322 321 320 319 318 317 316 315 314 313 312 311 310 309 308 307 306 305 304 303 302 301 300 299 298 297 296 295 294 293 292 291 290 289 288 287 286 285 284 283 282 281 280 279 278 277 276 275 274 273 272 271 270 269 268 267 266 265 264 263 262 261 260 259 258 257 256 255 254 253 252 251 250 249 248 247 246 245 244 243 242 241 240 239 238 237 236 235 234 233 232 231 230 229 228 227 226 225 224 223 222 221 220 219 218 217 216 215 214 213 212 211 210 209 208 207 206 205 204 203 202 201 200 199 198 197 196 195 194 193 192 191 190 189 188 187 186 185 184 183 182 181 180 179 178 177 176 175 174 173 172 171 170 169 168 167 166 165 164 163 162 161 160 159 158 157 156 155 154 153 152 151 150 149 148 147 146 145 144 143 142 141 140 139 138 137 136 135 134 133 132 131 130 129 128 127 126 125 124 123 122 121 120 119 118 117 116 115 114 113 112 111 110 109 108 107 106 105 104 103 102 101 100 99 98 97 96 95 94 93 92 91 90 89 88 87 86 85 84 83 82 81 80 79 78 77 76 75 74 73 72 71 70 69 68 67 66 65 64 63 62 61 60 59 58 57 56 55 54 53 52 51 50 49 48 47 46 45 44 43 42 41 40 39 38 37 36 35 34 33 32 31 30 29 28 27 26 25 24 23 22 21 20 19 18 17 16 15 14 13 12 11 10 9 8 7 6 5 4 3 2 1 0

SNR 2.000
511 510 509 508 507 506 505 504 503 502 501 500 499 498 497 496 495 494 493 492 491 490 489 488 487 486 485 484 483 482 481 480 479 478 477 476 475 474 473 472 471 470 469 468 467 466 465 464 463 462 461 460 459 458 457 456 455 454 453 452 451 450 449 448 447 446 445 444 443 442 441 440 439 438 437 436 435 434 433 432 431 430 429 428 427 426 425 424 423 422 421 420 419 418 417 416 415 414 413 412 411 410 409 408 407 406 405 404 403 402 401 400 399 398 397 396 395 394 393 392 391 390 389 388 387 386 385 384 383 382 381 380 379 378 377 376 375 374 373 372 371 370 369 368 367 366 365 364 363 362 361 360 359 358 357 356 355 354 353 352 351 350 349 348 347 346 345 344 343 342 341 340 339 338 337 336 335 334 333 332 331 330 329 328 327 326 325 324 323 322 321 320 319 318 317 316 315 314 313 312 311 310 309 308 307 306 305 304 303 302 301 300 299 298 297 296 295 294 293 292 291 290 289 288 287 286 285 284 283 282 281 280 279 278 277 276 275 274 273 272 271 270 269 268 267 266 265 264 263 262 261 260 259 258 257 256 255 254 253 252 251 250 249 248 247 246 245 244 243 242 241 240 239 238 237 236 235 234 233 232 231 230 229 228 227 226 225 224 223 222 221 220 219 218 217 216 215 214 213 212 211 210 209 208 207 206 205 204 203 202 201 200 199 198 197 196 195 194 193 192 191 190 189 188 187 186 185 184 183 182 181 180 179 178 177 176 175 174 173 172 171 170 169 168 167 166 165 164 163 162 161 160 159 158 157 156 155 154 153 152 151 150 149 148 147 146 145 144 143 142 141 140 139 138 137 136 135 134 133 132 131 130 129 128 127 126 125 124 123 122 121 120 119 118 117 116 115 114 113 112 111 110 109 108 107 106 105 104 103 102 101 100 99 98 97 96 95 94 93 92 91 90 89 88 87 86 85 84 83 82 81 80 79 78 77 76 75 74 73 72 71 70 69 68 67 66 65 64 63 62 61 60 59 58 57 56 55 54 53 52 51 50 49 48 47 46 45 44 43 42 41 40 39 38 37 36 35 34 33 32 31 30 29 28 27 26 25 24 23 22 21 20 19 18 17 16 15 14 13 12 11 10 9 8 7 6 5 4 3 2 1 0

SNR 2.500
511 510 509 508 507 506 505 504 503 502 501 500 499 498 497 496 495 494 493 492 491 490 489 488 487 486 485 484 483 482 481 480 479 478 477 476 475 474 473 472 471 470 469 468 467 466 465 464 463 462 461 460 459 458 457 456 455 454 453 452 451 450 449 448 447 446 445 444 443 442 441 440 439 438 437 436 435 434 433 432 431 430 429 428 427 426 425 424 423 422 421 420 419 418 417 416 415 414 413 412 411 410 409 408 407 406 405 404 403 402 401 400 399 398 397 396 395 394 393 392 391 390 389 388 387 386 385 384 383 382 381 380 379 378 377 376 375 374 373 372 371 370 369 368 367 366 365 364 363 362 361 360 359 358 357 356 355 354 353 352 351 350 349 348 347 346 345 344 343 342 341 340 339 338 337 336 335 334 333 332 331 330 329 328 327 326 325 324 323 322 321 320 319 318 317 316 315 314 313 312 311 310 309 308 307 306 305 304 303 302 301 300 299 298 297 296 295 294 293 292 291 290 289 288 287 286 285 284 283 282 281 280 279 278 277 276 275 274 273 272 271 270 269 268 267 266 265 264 263 262 261 260 259 258 257 256 255 254 253 252 251 250 249 248 247 246 245 244 243 242 241 240 239 238 237 236 235 234 233 232 231 230 229 228 227 226 225 224 223 222 221 220 219 218 217 216 215 214 213 212 211 210 209 208 207 206 205 204 203 202 201 200 199 198 197 196 195 194 193 192 191 190 189 188 187 186 185 184 183 182 181 180 179 178 177 176 175 174 173 172 171 170 169 168 167 166 165 164 163 162 161 160 159 158 157 156 155 154 153 152 151 150 149 148 147 146 145 144 143 142 141 140 139 138 137 136 135 134 133 132 131 130 129 128 127 126 125 124 123 122 121 120 119 118 117 116 115 114 113 112 111 110 109 108 107 106 105 104 103 102 101 100 99 98 97 96 95 94 93 92 91 90 89 88 87 86 85 84 83 82 81 80 79 78 77 76 75 74 73 72 71 70 69 68 67 66 65 64 63 62 61 60 59 58 57 56 55 54 53 52 51 50 49 48 47 46 45 44 43 42 41 40 39 38 37 36 35 34 33 32 31 30 29 28 27 26 25 24 23 22 21 20 19 18 17 16 15 14 13 12 11 10 9 8 7 6 5 4 3 2 1 0

