SNR -7.000
511 510 509 508 507 506 505 504 503 502 501 500 499 498 497 496 495 494 493 492 491 490 489 488 487 486 485 484 483 482 481 479 478 477 476 475 474 473 472 471 470 469 468 467 466 465 463 462 461 460 459 458 457 455 454 453 451 447 446 445 444 443 442 441 440 439 438 437 436 435 434 433 431 430 429 428 427 426 425 423 422 421 419 415 414 413 412 411 410 409 407 406 405 403 399 398 397 395 391 383 382 381 380 379 378 377 376 375 374 373 372 371 370 369 367 366 365 364 363 362 361 359 358 357 355 351 350 349 348 347 346 345 343 342 341 339 335 334 333 331 319 318 317 316 315 313 311 310 303 287 255 254 253 252 251 250 249 248 247 246 245 244 243 239 238 237 235 231 223 222 221 219 215 207 191 190 189 187 183 127 309 242 236 307 327 234 241 314 230 229 302 480 126 301 452 217 233 218 125 464 450 456 175 227 299 449 432 368 404 220 418 360 420 417 402 424 286 123 295 214 396 408 213 285 356 401 340 206 211 354 344 185 393 353 188 394 186 390 330 338 329 205 182 203 389 332 312 326 240 119 279 283 159 199 306 448 232 181 228 305 298 300 174 308 337 387 179 325 225 124 216 212 323 226 173 297 111 400 416 294 122 210 284 271 171 293 392 352 209 121 388 204 184 336 118 282 158 202 386 328 95 291 180 281 117 201 167 157 385 278 324 304 178 198 155 110 115 277 172 322 177 197 224 296 63 109 170 321 151 120 270 275 208 292 195 107 169 94 269 116 143 156 280 166 103 290 93 200 91 267 165 384 62 114 154 87 289 61 79 263 59 55 276 176 47 163 153 113 31 196 108 150 149 274 106 320 147 194 105 142 168 273 141 193 139 102 268 101 92 135 99 90 89 86 266 85 83 164 265 77 78 75 60 58 54 71 57 53 51 262 43 288 45 46 261 39 162 30 29 27 259 23 152 161 112 15 148 146 145 104 140 138 272 137 134 100 192 133 98 131 97 84 88 82 76 81 264 74 73 70 52 50 69 42 44 56 49 41 38 67 260 26 37 22 28 25 21 35 258 19 14 257 13 160 11 7 144 136 132 130 96 129 72 68 80 36 40 48 66 20 24 34 18 65 12 17 33 10 9 256 6 5 3 128 64 16 8 32 4 2 1 0

SNR -6.500
511 510 509 508 507 506 505 504 503 502 501 500 499 498 497 496 495 494 493 492 491 490 489 488 487 486 485 484 483 482 481 480 479 478 477 476 475 474 473 472 471 470 469 468 467 466 465 464 463 462 461 460 459 458 457 455 454 453 451 447 446 445 444 443 442 441 440 439 438 437 436 435 434 433 431 430 429 428 427 426 425 423 422 421 419 415 414 413 412 411 410 409 407 406 405 403 399 398 397 395 391 383 382 381 380 379 378 377 376 375 374 373 372 371 370 369 367 366 365 364 363 362 361 359 358 357 355 351 350 349 348 347 346 345 343 342 341 339 335 334 333 331 327 319 318 317 316 315 314 313 311 310 309 307 303 302 301 299 287 255 254 253 252 251 250 249 248 247 246 245 244 243 242 241 239 238 237 236 235 234 233 231 230 229 223 222 221 220 219 218 215 213 207 191 190 189 187 183 175 127 126 123 295 449 286 227 125 214 285 420 456 217 159 450 417 432 452 424 368 211 186 206 188 205 418 396 404 408 119 283 360 203 182 402 344 394 185 340 279 354 353 389 393 181 199 330 338 174 332 179 356 240 387 401 326 337 329 325 111 323 228 312 171 306 173 300 390 308 226 298 232 225 305 293 212 216 294 271 209 297 416 204 124 448 121 284 122 210 400 158 157 282 118 392 167 202 291 352 184 117 281 95 336 388 201 180 115 278 178 386 155 198 328 277 324 385 110 172 177 197 109 304 322 275 151 170 296 63 270 224 195 107 169 120 321 292 269 208 94 166 156 116 280 290 143 93 103 165 200 154 267 114 289 276 91 108 153 113 176 196 163 62 384 263 150 87 274 61 106 194 79 168 149 59 273 268 320 105 55 47 31 147 193 142 92 102 164 141 266 101 139 90 99 89 265 135 288 152 112 162 86 85 262 60 83 161 78 261 75 77 58 71 57 259 54 53 148 45 51 46 43 39 30 104 29 27 272 23 146 15 145 192 140 100 138 137 98 133 134 97 88 131 264 84 82 81 160 260 76 74 73 70 69 52 56 258 50 67 42 44 41 38 257 49 37 26 28 25 35 22 21 19 14 13 11 144 7 136 132 96 130 129 80 72 68 66 40 36 48 65 34 20 24 18 256 33 12 17 10 9 6 5 3 128 64 32 16 8 4 2 1 0

SNR -6.000
511 510 509 508 507 506 505 504 503 502 501 500 499 498 497 496 495 494 493 492 491 490 489 488 487 486 485 484 483 482 481 480 479 478 477 476 475 474 473 472 471 470 469 468 467 466 465 464 463 462 461 460 459 458 457 456 455 454 453 452 451 450 449 447 446 445 444 443 442 441 440 439 438 437 436 435 434 433 432 431 430 429 428 427 426 425 424 423 422 421 420 419 417 415 414 413 412 411 410 409 408 407 406 405 404 403 401 399 398 397 395 391 383 382 381 380 379 378 377 376 375 374 373 372 371 370 369 367 366 365 364 363 362 361 359 358 357 356 355 351 350 349 348 347 346 345 343 342 341 339 335 334 333 331 327 319 318 317 316 315 314 313 311 310 309 307 303 302 301 299 295 287 286 285 283 255 254 253 252 251 250 249 248 247 246 245 244 243 242 241 239 238 237 236 235 234 233 231 230 229 227 223 222 221 220 219 218 217 215 214 213 211 207 206 205 203 191 190 189 188 187 186 185 183 181 175 159 127 126 125 123 119 111 182 418 174 396 279 173 368 344 199 353 354 393 360 179 340 389 394 337 390 338 312 402 332 95 240 308 271 329 171 124 325 232 158 300 122 326 387 330 298 305 121 306 323 228 157 212 167 226 118 216 293 297 155 210 448 204 225 416 284 400 291 282 115 202 201 209 117 109 110 281 392 151 294 184 178 388 352 386 336 172 63 277 180 198 107 197 278 177 385 328 169 170 195 275 324 304 269 270 296 166 94 120 322 156 143 321 224 93 165 116 292 103 154 267 208 290 280 153 114 163 91 200 108 113 289 276 150 196 176 62 106 263 87 149 274 194 61 168 105 384 268 273 142 92 102 193 147 79 164 59 320 141 101 266 90 55 152 162 112 265 47 139 89 99 31 288 86 161 262 135 60 148 85 104 261 83 78 58 146 77 57 272 259 75 192 145 71 140 54 53 100 51 46 43 45 39 27 29 30 23 138 88 98 15 137 264 97 134 160 133 131 84 260 82 81 76 258 74 56 73 257 70 69 144 52 50 67 42 44 49 41 38 37 22 26 28 25 35 21 19 14 13 136 11 96 7 132 130 129 80 72 68 256 66 65 40 48 36 20 34 18 24 33 12 17 10 9 6 5 3 128 64 16 32 8 4 2 1 0

SNR -5.500
511 510 509 508 507 506 505 504 503 502 501 500 499 498 497 496 495 494 493 492 491 490 489 488 487 486 485 484 483 482 481 480 479 478 477 476 475 474 473 472 471 470 469 468 467 466 465 464 463 462 461 460 459 458 457 456 455 454 453 452 451 450 449 447 446 445 444 443 442 441 440 439 438 437 436 435 434 433 432 431 430 429 428 427 426 425 424 423 422 421 420 419 418 417 415 414 413 412 411 410 409 408 407 406 405 404 403 402 401 399 398 397 396 395 394 391 390 383 382 381 380 379 378 377 376 375 374 373 372 371 370 369 368 367 366 365 364 363 362 361 360 359 358 357 356 355 354 353 351 350 349 348 347 346 345 344 343 342 341 340 339 338 335 334 333 332 331 327 319 318 317 316 315 314 313 311 310 309 307 303 302 301 299 295 287 286 285 283 279 271 255 254 253 252 251 250 249 248 247 246 245 244 243 242 241 239 238 237 236 235 234 233 231 230 229 227 223 222 221 220 219 218 217 215 214 213 211 207 206 205 203 199 191 190 189 188 187 186 185 183 182 181 179 175 174 173 171 167 159 127 126 125 124 123 122 121 119 111 95 389 330 326 157 117 337 158 308 329 387 155 312 118 232 306 228 393 323 216 298 226 305 240 325 151 284 204 115 300 297 212 109 225 293 282 107 294 210 110 291 63 198 278 277 448 281 184 178 177 94 270 143 209 170 269 180 275 201 392 388 352 400 195 202 169 328 172 336 93 386 197 416 385 166 103 165 267 154 304 120 91 156 324 296 153 322 114 321 163 108 116 150 224 292 113 87 290 149 208 106 263 280 200 62 276 289 105 176 196 61 274 102 142 147 168 92 194 268 101 59 273 141 79 90 193 164 384 266 162 89 152 139 55 99 320 265 112 86 161 148 262 60 104 85 288 47 135 146 261 58 78 31 83 100 140 272 145 77 57 192 259 54 75 88 98 138 53 71 264 51 137 97 46 160 45 84 43 134 39 30 29 27 23 133 15 260 82 131 81 56 76 144 258 74 257 73 70 52 69 50 67 49 136 96 44 42 41 38 37 28 26 35 25 22 21 132 19 14 13 130 11 129 7 80 256 72 68 66 65 48 36 40 34 20 24 33 18 12 17 10 9 6 5 128 3 64 32 16 8 4 2 1 0

SNR -5.000
511 510 509 508 507 506 505 504 503 502 501 500 499 498 497 496 495 494 493 492 491 490 489 488 487 486 485 484 483 482 481 480 479 478 477 476 475 474 473 472 471 470 469 468 467 466 465 464 463 462 461 460 459 458 457 456 455 454 453 452 451 450 449 447 446 445 444 443 442 441 440 439 438 437 436 435 434 433 432 431 430 429 428 427 426 425 424 423 422 421 420 419 418 417 415 414 413 412 411 410 409 408 407 406 405 404 403 402 401 399 398 397 396 395 394 393 391 390 389 387 383 382 381 380 379 378 377 376 375 374 373 372 371 370 369 368 367 366 365 364 363 362 361 360 359 358 357 356 355 354 353 351 350 349 348 347 346 345 344 343 342 341 340 339 338 337 335 334 333 332 331 330 327 326 319 318 317 316 315 314 313 312 311 310 309 308 307 306 305 303 302 301 300 299 295 287 286 285 283 279 271 255 254 253 252 251 250 249 248 247 246 245 244 243 242 241 240 239 238 237 236 235 234 233 232 231 230 229 228 227 223 222 221 220 219 218 217 215 214 213 212 211 207 206 205 203 199 191 190 189 188 187 186 185 183 182 181 179 175 174 173 171 167 159 158 157 155 151 127 126 125 124 123 122 121 119 118 117 115 111 110 109 95 63 225 293 325 329 204 94 323 216 226 210 294 209 298 107 282 284 281 143 103 277 291 184 180 177 197 201 297 202 93 91 178 198 172 170 275 278 195 269 169 270 448 120 416 156 165 87 392 388 166 163 114 116 149 336 61 386 400 154 113 352 304 385 150 108 292 263 267 147 324 106 62 290 200 153 322 328 280 296 102 92 224 208 142 196 105 321 176 289 101 274 276 79 168 90 59 141 194 273 55 268 89 164 193 139 99 266 86 152 162 265 85 161 148 384 112 60 135 262 104 47 320 146 78 58 83 261 288 100 57 140 145 77 54 88 259 138 31 98 272 75 192 53 137 97 84 264 46 71 160 134 51 82 45 133 260 76 43 56 81 30 144 39 131 29 27 23 74 258 15 52 73 257 96 136 70 50 69 49 67 44 132 42 41 80 38 37 130 35 28 26 129 25 22 21 19 14 13 11 7 72 256 68 48 66 65 40 36 34 33 24 20 128 18 12 10 17 9 6 5 3 64 32 16 8 4 2 1 0

SNR -4.500
511 510 509 508 507 506 505 504 503 502 501 500 499 498 497 496 495 494 493 492 491 490 489 488 487 486 485 484 483 482 481 480 479 478 477 476 475 474 473 472 471 470 469 468 467 466 465 464 463 462 461 460 459 458 457 456 455 454 453 452 451 450 449 447 446 445 444 443 442 441 440 439 438 437 436 435 434 433 432 431 430 429 428 427 426 425 424 423 422 421 420 419 418 417 415 414 413 412 411 410 409 408 407 406 405 404 403 402 401 399 398 397 396 395 394 393 391 390 389 387 383 382 381 380 379 378 377 376 375 374 373 372 371 370 369 368 367 366 365 364 363 362 361 360 359 358 357 356 355 354 353 351 350 349 348 347 346 345 344 343 342 341 340 339 338 337 335 334 333 332 331 330 329 327 326 325 323 319 318 317 316 315 314 313 312 311 310 309 308 307 306 305 303 302 301 300 299 298 297 295 294 293 291 287 286 285 284 283 281 279 277 275 271 255 254 253 252 251 250 249 248 247 246 245 244 243 242 241 240 239 238 237 236 235 234 233 232 231 230 229 228 227 226 225 223 222 221 220 219 218 217 216 215 214 213 212 211 210 209 207 206 205 204 203 201 199 191 190 189 188 187 186 185 184 183 182 181 180 179 175 174 173 171 167 159 158 157 155 151 143 127 126 125 124 123 122 121 119 118 117 115 111 110 109 107 103 95 94 93 91 87 63 197 172 278 282 170 202 270 178 269 156 177 195 198 166 169 165 448 120 154 267 352 416 400 62 149 392 59 61 163 153 150 263 114 79 113 336 328 386 116 385 324 108 92 142 304 105 388 296 106 102 101 292 322 224 141 99 208 321 147 280 289 196 290 89 90 276 139 274 193 86 273 55 200 268 176 135 152 266 265 168 164 162 194 148 161 83 47 85 112 78 58 262 60 77 384 104 261 146 57 140 100 145 320 54 75 259 138 88 53 288 31 98 137 97 272 84 71 51 46 192 134 82 264 133 45 160 76 81 56 260 43 30 144 131 74 52 29 73 258 39 136 96 50 27 70 257 23 44 49 69 15 132 67 80 42 41 130 28 38 129 37 72 35 26 25 22 21 19 256 14 13 11 48 68 7 66 65 40 36 128 34 33 24 20 18 10 17 12 9 6 5 3 64 32 16 8 4 2 1 0

SNR -4.000
511 510 509 508 507 506 505 504 503 502 501 500 499 498 497 496 495 494 493 492 491 490 489 488 487 486 485 484 483 482 481 480 479 478 477 476 475 474 473 472 471 470 469 468 467 466 465 464 463 462 461 460 459 458 457 456 455 454 453 452 451 450 449 447 446 445 444 443 442 441 440 439 438 437 436 435 434 433 432 431 430 429 428 427 426 425 424 423 422 421 420 419 418 417 415 414 413 412 411 410 409 408 407 406 405 404 403 402 401 399 398 397 396 395 394 393 391 390 389 387 383 382 381 380 379 378 377 376 375 374 373 372 371 370 369 368 367 366 365 364 363 362 361 360 359 358 357 356 355 354 353 351 350 349 348 347 346 345 344 343 342 341 340 339 338 337 335 334 333 332 331 330 329 327 326 325 323 319 318 317 316 315 314 313 312 311 310 309 308 307 306 305 303 302 301 300 299 298 297 295 294 293 291 287 286 285 284 283 282 281 279 278 277 275 271 270 269 267 263 255 254 253 252 251 250 249 248 247 246 245 244 243 242 241 240 239 238 237 236 235 234 233 232 231 230 229 228 227 226 225 223 222 221 220 219 218 217 216 215 214 213 212 211 210 209 207 206 205 204 203 202 201 199 198 197 195 191 190 189 188 187 186 185 184 183 182 181 180 179 178 177 175 174 173 172 171 170 169 167 166 165 159 158 157 155 154 153 151 143 127 126 125 124 123 122 121 120 119 118 117 115 114 113 111 110 109 107 103 95 94 93 91 87 79 63 62 61 59 55 150 163 116 156 142 149 105 141 108 416 147 448 106 102 101 99 400 92 90 352 392 89 47 304 336 139 85 388 86 386 292 135 385 322 83 321 224 168 276 77 194 273 289 296 280 290 324 196 274 176 75 78 200 208 164 328 266 193 152 60 58 268 31 162 146 148 53 57 54 104 161 262 112 145 265 261 138 140 88 71 259 46 100 51 45 98 137 97 84 384 320 134 82 288 133 43 272 81 76 192 56 74 264 160 131 30 52 260 73 39 29 144 70 50 258 27 136 44 49 69 96 257 42 132 80 23 67 41 130 15 28 38 72 129 37 26 35 48 68 25 22 256 21 66 19 14 40 13 65 11 7 36 128 34 24 33 20 18 17 12 10 9 64 6 5 3 32 16 8 4 2 1 0

SNR -3.500
511 510 509 508 507 506 505 504 503 502 501 500 499 498 497 496 495 494 493 492 491 490 489 488 487 486 485 484 483 482 481 480 479 478 477 476 475 474 473 472 471 470 469 468 467 466 465 464 463 462 461 460 459 458 457 456 455 454 453 452 451 450 449 447 446 445 444 443 442 441 440 439 438 437 436 435 434 433 432 431 430 429 428 427 426 425 424 423 422 421 420 419 418 417 415 414 413 412 411 410 409 408 407 406 405 404 403 402 401 399 398 397 396 395 394 393 391 390 389 387 383 382 381 380 379 378 377 376 375 374 373 372 371 370 369 368 367 366 365 364 363 362 361 360 359 358 357 356 355 354 353 351 350 349 348 347 346 345 344 343 342 341 340 339 338 337 335 334 333 332 331 330 329 327 326 325 323 319 318 317 316 315 314 313 312 311 310 309 308 307 306 305 303 302 301 300 299 298 297 295 294 293 291 287 286 285 284 283 282 281 279 278 277 275 271 270 269 267 263 255 254 253 252 251 250 249 248 247 246 245 244 243 242 241 240 239 238 237 236 235 234 233 232 231 230 229 228 227 226 225 223 222 221 220 219 218 217 216 215 214 213 212 211 210 209 207 206 205 204 203 202 201 199 198 197 195 191 190 189 188 187 186 185 184 183 182 181 180 179 178 177 175 174 173 172 171 170 169 167 166 165 163 159 158 157 156 155 154 153 151 150 149 147 143 142 139 127 126 125 124 123 122 121 120 119 118 117 116 115 114 113 111 110 109 108 107 105 103 102 101 99 95 94 93 92 91 90 87 86 79 63 62 61 59 55 47 31 141 448 352 106 392 416 89 83 328 336 388 77 78 400 304 85 60 322 224 75 386 296 321 292 58 324 385 208 196 57 135 53 200 280 276 54 290 289 273 71 176 168 46 268 152 51 194 193 266 265 274 104 148 164 146 45 145 161 100 262 43 140 112 88 162 138 98 134 81 261 259 97 137 384 39 76 82 133 320 56 84 30 131 74 29 288 73 272 27 52 192 70 50 264 160 69 260 44 49 144 42 258 23 136 96 67 41 257 132 80 38 28 130 37 15 72 26 129 25 35 68 48 22 66 40 21 256 65 19 14 36 13 11 7 128 34 24 33 20 18 64 17 12 10 9 6 5 3 32 16 8 4 2 1 0

SNR -3.000
511 510 509 508 507 506 505 504 503 502 501 500 499 498 497 496 495 494 493 492 491 490 489 488 487 486 485 484 483 482 481 480 479 478 477 476 475 474 473 472 471 470 469 468 467 466 465 464 463 462 461 460 459 458 457 456 455 454 453 452 451 450 449 448 447 446 445 444 443 442 441 440 439 438 437 436 435 434 433 432 431 430 429 428 427 426 425 424 423 422 421 420 419 418 417 416 415 414 413 412 411 410 409 408 407 406 405 404 403 402 401 400 399 398 397 396 395 394 393 392 391 390 389 388 387 386 385 383 382 381 380 379 378 377 376 375 374 373 372 371 370 369 368 367 366 365 364 363 362 361 360 359 358 357 356 355 354 353 352 351 350 349 348 347 346 345 344 343 342 341 340 339 338 337 336 335 334 333 332 331 330 329 328 327 326 325 323 319 318 317 316 315 314 313 312 311 310 309 308 307 306 305 303 302 301 300 299 298 297 295 294 293 291 287 286 285 284 283 282 281 279 278 277 275 271 270 269 267 263 255 254 253 252 251 250 249 248 247 246 245 244 243 242 241 240 239 238 237 236 235 234 233 232 231 230 229 228 227 226 225 223 222 221 220 219 218 217 216 215 214 213 212 211 210 209 207 206 205 204 203 202 201 199 198 197 195 191 190 189 188 187 186 185 184 183 182 181 180 179 178 177 175 174 173 172 171 170 169 167 166 165 163 159 158 157 156 155 154 153 151 150 149 147 143 142 141 139 135 127 126 125 124 123 122 121 120 119 118 117 116 115 114 113 111 110 109 108 107 106 105 103 102 101 99 95 94 93 92 91 90 89 87 86 85 83 79 78 77 75 63 62 61 60 59 58 57 55 47 31 53 54 208 51 321 296 71 46 290 292 289 322 224 45 304 324 43 194 280 168 193 200 164 196 274 176 266 276 146 273 162 268 104 152 145 261 262 112 30 100 137 259 134 88 161 98 138 29 76 140 39 265 133 82 148 74 97 81 27 52 84 56 384 73 320 50 288 70 49 131 192 23 69 42 272 41 67 264 44 144 160 260 38 136 258 37 96 28 15 26 80 257 132 130 25 72 35 129 22 68 48 21 66 40 65 14 19 36 256 13 24 34 11 128 33 20 7 18 64 17 12 10 9 6 32 5 3 16 8 4 2 1 0

SNR -2.500
511 510 509 508 507 506 505 504 503 502 501 500 499 498 497 496 495 494 493 492 491 490 489 488 487 486 485 484 483 482 481 480 479 478 477 476 475 474 473 472 471 470 469 468 467 466 465 464 463 462 461 460 459 458 457 456 455 454 453 452 451 450 449 448 447 446 445 444 443 442 441 440 439 438 437 436 435 434 433 432 431 430 429 428 427 426 425 424 423 422 421 420 419 418 417 416 415 414 413 412 411 410 409 408 407 406 405 404 403 402 401 400 399 398 397 396 395 394 393 392 391 390 389 388 387 386 385 383 382 381 380 379 378 377 376 375 374 373 372 371 370 369 368 367 366 365 364 363 362 361 360 359 358 357 356 355 354 353 352 351 350 349 348 347 346 345 344 343 342 341 340 339 338 337 336 335 334 333 332 331 330 329 328 327 326 325 324 323 322 319 318 317 316 315 314 313 312 311 310 309 308 307 306 305 304 303 302 301 300 299 298 297 296 295 294 293 292 291 290 289 287 286 285 284 283 282 281 280 279 278 277 276 275 274 273 271 270 269 267 263 255 254 253 252 251 250 249 248 247 246 245 244 243 242 241 240 239 238 237 236 235 234 233 232 231 230 229 228 227 226 225 224 223 222 221 220 219 218 217 216 215 214 213 212 211 210 209 207 206 205 204 203 202 201 200 199 198 197 195 194 191 190 189 188 187 186 185 184 183 182 181 180 179 178 177 176 175 174 173 172 171 170 169 167 166 165 164 163 159 158 157 156 155 154 153 151 150 149 147 143 142 141 139 135 127 126 125 124 123 122 121 120 119 118 117 116 115 114 113 111 110 109 108 107 106 105 103 102 101 99 95 94 93 92 91 90 89 87 86 85 83 79 78 77 75 71 63 62 61 60 59 58 57 55 54 53 51 47 46 45 43 31 208 268 162 168 196 148 29 39 112 30 193 265 27 161 261 262 321 146 152 145 140 104 266 23 88 259 98 100 84 97 134 133 76 138 56 82 137 74 52 131 73 69 81 70 49 44 50 41 320 42 384 288 15 28 37 192 272 26 38 67 260 144 25 160 264 258 80 132 96 136 21 35 257 22 72 130 48 129 68 19 66 40 14 65 13 36 34 24 11 256 33 20 7 128 18 12 17 64 10 32 9 6 5 3 16 8 4 2 1 0

SNR -2.000
511 510 509 508 507 506 505 504 503 502 501 500 499 498 497 496 495 494 493 492 491 490 489 488 487 486 485 484 483 482 481 480 479 478 477 476 475 474 473 472 471 470 469 468 467 466 465 464 463 462 461 460 459 458 457 456 455 454 453 452 451 450 449 448 447 446 445 444 443 442 441 440 439 438 437 436 435 434 433 432 431 430 429 428 427 426 425 424 423 422 421 420 419 418 417 416 415 414 413 412 411 410 409 408 407 406 405 404 403 402 401 400 399 398 397 396 395 394 393 392 391 390 389 388 387 386 385 383 382 381 380 379 378 377 376 375 374 373 372 371 370 369 368 367 366 365 364 363 362 361 360 359 358 357 356 355 354 353 352 351 350 349 348 347 346 345 344 343 342 341 340 339 338 337 336 335 334 333 332 331 330 329 328 327 326 325 324 323 322 321 319 318 317 316 315 314 313 312 311 310 309 308 307 306 305 304 303 302 301 300 299 298 297 296 295 294 293 292 291 290 289 287 286 285 284 283 282 281 280 279 278 277 276 275 274 271 270 269 268 267 263 262 261 259 255 254 253 252 251 250 249 248 247 246 245 244 243 242 241 240 239 238 237 236 235 234 233 232 231 230 229 228 227 226 225 224 223 222 221 220 219 218 217 216 215 214 213 212 211 210 209 208 207 206 205 204 203 202 201 200 199 198 197 196 195 194 191 190 189 188 187 186 185 184 183 182 181 180 179 178 177 176 175 174 173 172 171 170 169 168 167 166 165 164 163 162 159 158 157 156 155 154 153 152 151 150 149 148 147 146 145 143 142 141 139 135 127 126 125 124 123 122 121 120 119 118 117 116 115 114 113 112 111 110 109 108 107 106 105 104 103 102 101 100 99 98 95 94 93 92 91 90 89 88 87 86 85 83 79 78 77 75 71 63 62 61 60 59 58 57 55 54 53 51 47 46 45 43 39 31 30 29 27 23 15 138 266 161 193 140 97 82 84 81 76 134 133 265 273 73 131 74 137 52 70 56 42 67 69 50 49 44 28 41 38 288 26 25 35 320 384 160 22 192 144 37 258 96 21 14 132 260 272 19 257 136 80 130 72 129 264 68 48 40 66 13 36 11 65 34 24 33 20 7 18 256 17 12 128 10 64 9 32 6 5 16 3 8 4 2 1 0

SNR -1.500
511 510 509 508 507 506 505 504 503 502 501 500 499 498 497 496 495 494 493 492 491 490 489 488 487 486 485 484 483 482 481 480 479 478 477 476 475 474 473 472 471 470 469 468 467 466 465 464 463 462 461 460 459 458 457 456 455 454 453 452 451 450 449 448 447 446 445 444 443 442 441 440 439 438 437 436 435 434 433 432 431 430 429 428 427 426 425 424 423 422 421 420 419 418 417 416 415 414 413 412 411 410 409 408 407 406 405 404 403 402 401 400 399 398 397 396 395 394 393 392 391 390 389 388 387 386 385 383 382 381 380 379 378 377 376 375 374 373 372 371 370 369 368 367 366 365 364 363 362 361 360 359 358 357 356 355 354 353 352 351 350 349 348 347 346 345 344 343 342 341 340 339 338 337 336 335 334 333 332 331 330 329 328 327 326 325 324 323 322 321 319 318 317 316 315 314 313 312 311 310 309 308 307 306 305 304 303 302 301 300 299 298 297 296 295 294 293 292 291 290 289 287 286 285 284 283 282 281 280 279 278 277 276 275 274 273 271 270 269 268 267 266 265 263 262 261 259 255 254 253 252 251 250 249 248 247 246 245 244 243 242 241 240 239 238 237 236 235 234 233 232 231 230 229 228 227 226 225 224 223 222 221 220 219 218 217 216 215 214 213 212 211 210 209 208 207 206 205 204 203 202 201 200 199 198 197 196 195 194 193 191 190 189 188 187 186 185 184 183 182 181 180 179 178 177 176 175 174 173 172 171 170 169 168 167 166 165 164 163 162 161 159 158 157 156 155 154 153 152 151 150 149 148 147 146 145 143 142 141 140 139 138 137 135 134 133 131 127 126 125 124 123 122 121 120 119 118 117 116 115 114 113 112 111 110 109 108 107 106 105 104 103 102 101 100 99 98 97 95 94 93 92 91 90 89 88 87 86 85 83 82 81 79 78 77 76 75 74 73 71 70 69 63 62 61 60 59 58 57 55 54 53 51 50 49 47 46 45 43 39 31 30 29 27 23 15 84 42 44 52 56 67 37 41 38 28 26 22 35 21 19 25 384 320 288 160 14 264 192 260 144 136 80 11 132 13 68 130 258 96 72 272 129 48 40 66 65 257 34 7 36 20 24 33 18 17 12 10 256 9 128 64 6 5 32 16 3 8 4 2 1 0

SNR -1.000
511 510 509 508 507 506 505 504 503 502 501 500 499 498 497 496 495 494 493 492 491 490 489 488 487 486 485 484 483 482 481 480 479 478 477 476 475 474 473 472 471 470 469 468 467 466 465 464 463 462 461 460 459 458 457 456 455 454 453 452 451 450 449 448 447 446 445 444 443 442 441 440 439 438 437 436 435 434 433 432 431 430 429 428 427 426 425 424 423 422 421 420 419 418 417 416 415 414 413 412 411 410 409 408 407 406 405 404 403 402 401 400 399 398 397 396 395 394 393 392 391 390 389 388 387 386 385 383 382 381 380 379 378 377 376 375 374 373 372 371 370 369 368 367 366 365 364 363 362 361 360 359 358 357 356 355 354 353 352 351 350 349 348 347 346 345 344 343 342 341 340 339 338 337 336 335 334 333 332 331 330 329 328 327 326 325 324 323 322 321 319 318 317 316 315 314 313 312 311 310 309 308 307 306 305 304 303 302 301 300 299 298 297 296 295 294 293 292 291 290 289 287 286 285 284 283 282 281 280 279 278 277 276 275 274 273 271 270 269 268 267 266 265 263 262 261 259 255 254 253 252 251 250 249 248 247 246 245 244 243 242 241 240 239 238 237 236 235 234 233 232 231 230 229 228 227 226 225 224 223 222 221 220 219 218 217 216 215 214 213 212 211 210 209 208 207 206 205 204 203 202 201 200 199 198 197 196 195 194 193 191 190 189 188 187 186 185 184 183 182 181 180 179 178 177 176 175 174 173 172 171 170 169 168 167 166 165 164 163 162 161 159 158 157 156 155 154 153 152 151 150 149 148 147 146 145 143 142 141 140 139 138 137 135 134 133 131 127 126 125 124 123 122 121 120 119 118 117 116 115 114 113 112 111 110 109 108 107 106 105 104 103 102 101 100 99 98 97 95 94 93 92 91 90 89 88 87 86 85 84 83 82 81 79 78 77 76 75 74 73 71 70 69 67 63 62 61 60 59 58 57 56 55 54 53 52 51 50 49 47 46 45 44 43 42 41 39 38 37 35 31 30 29 28 27 25 23 15 26 22 21 384 13 19 14 288 320 192 144 264 160 11 257 260 258 96 80 7 130 68 48 132 136 129 72 272 36 33 65 34 24 40 66 20 17 18 12 10 9 6 256 128 5 64 3 32 16 8 4 2 1 0

SNR -0.500
511 510 509 508 507 506 505 504 503 502 501 500 499 498 497 496 495 494 493 492 491 490 489 488 487 486 485 484 483 482 481 480 479 478 477 476 475 474 473 472 471 470 469 468 467 466 465 464 463 462 461 460 459 458 457 456 455 454 453 452 451 450 449 448 447 446 445 444 443 442 441 440 439 438 437 436 435 434 433 432 431 430 429 428 427 426 425 424 423 422 421 420 419 418 417 416 415 414 413 412 411 410 409 408 407 406 405 404 403 402 401 400 399 398 397 396 395 394 393 392 391 390 389 388 387 386 385 384 383 382 381 380 379 378 377 376 375 374 373 372 371 370 369 368 367 366 365 364 363 362 361 360 359 358 357 356 355 354 353 352 351 350 349 348 347 346 345 344 343 342 341 340 339 338 337 336 335 334 333 332 331 330 329 328 327 326 325 324 323 322 321 319 318 317 316 315 314 313 312 311 310 309 308 307 306 305 304 303 302 301 300 299 298 297 296 295 294 293 292 291 290 289 287 286 285 284 283 282 281 280 279 278 277 276 275 274 273 271 270 269 268 267 266 265 263 262 261 259 255 254 253 252 251 250 249 248 247 246 245 244 243 242 241 240 239 238 237 236 235 234 233 232 231 230 229 228 227 226 225 224 223 222 221 220 219 218 217 216 215 214 213 212 211 210 209 208 207 206 205 204 203 202 201 200 199 198 197 196 195 194 193 191 190 189 188 187 186 185 184 183 182 181 180 179 178 177 176 175 174 173 172 171 170 169 168 167 166 165 164 163 162 161 159 158 157 156 155 154 153 152 151 150 149 148 147 146 145 143 142 141 140 139 138 137 135 134 133 131 127 126 125 124 123 122 121 120 119 118 117 116 115 114 113 112 111 110 109 108 107 106 105 104 103 102 101 100 99 98 97 95 94 93 92 91 90 89 88 87 86 85 84 83 82 81 79 78 77 76 75 74 73 71 70 69 67 63 62 61 60 59 58 57 56 55 54 53 52 51 50 49 47 46 45 44 43 42 41 39 38 37 35 31 30 29 28 27 26 25 23 22 21 19 15 14 13 11 192 320 288 7 144 272 258 136 160 264 96 257 132 260 80 72 129 40 66 68 130 65 36 34 24 18 20 48 33 17 9 10 6 12 5 3 256 128 64 32 16 8 4 2 1 0

SNR 0.000
511 510 509 508 507 506 505 504 503 502 501 500 499 498 497 496 495 494 493 492 491 490 489 488 487 486 485 484 483 482 481 480 479 478 477 476 475 474 473 472 471 470 469 468 467 466 465 464 463 462 461 460 459 458 457 456 455 454 453 452 451 450 449 448 447 446 445 444 443 442 441 440 439 438 437 436 435 434 433 432 431 430 429 428 427 426 425 424 423 422 421 420 419 418 417 416 415 414 413 412 411 410 409 408 407 406 405 404 403 402 401 400 399 398 397 396 395 394 393 392 391 390 389 388 387 386 385 384 383 382 381 380 379 378 377 376 375 374 373 372 371 370 369 368 367 366 365 364 363 362 361 360 359 358 357 356 355 354 353 352 351 350 349 348 347 346 345 344 343 342 341 340 339 338 337 336 335 334 333 332 331 330 329 328 327 326 325 324 323 322 321 320 319 318 317 316 315 314 313 312 311 310 309 308 307 306 305 304 303 302 301 300 299 298 297 296 295 294 293 292 291 290 289 288 287 286 285 284 283 282 281 280 279 278 277 276 275 274 273 271 270 269 268 267 266 265 264 263 262 261 259 255 254 253 252 251 250 249 248 247 246 245 244 243 242 241 240 239 238 237 236 235 234 233 232 231 230 229 228 227 226 225 224 223 222 221 220 219 218 217 216 215 214 213 212 211 210 209 208 207 206 205 204 203 202 201 200 199 198 197 196 195 194 193 192 191 190 189 188 187 186 185 184 183 182 181 180 179 178 177 176 175 174 173 172 171 170 169 168 167 166 165 164 163 162 161 159 158 157 156 155 154 153 152 151 150 149 148 147 146 145 143 142 141 140 139 138 137 135 134 133 131 127 126 125 124 123 122 121 120 119 118 117 116 115 114 113 112 111 110 109 108 107 106 105 104 103 102 101 100 99 98 97 95 94 93 92 91 90 89 88 87 86 85 84 83 82 81 79 78 77 76 75 74 73 71 70 69 67 63 62 61 60 59 58 57 56 55 54 53 52 51 50 49 47 46 45 44 43 42 41 39 38 37 35 31 30 29 28 27 26 25 23 22 21 19 15 14 13 11 7 160 258 272 132 96 260 257 72 48 136 80 130 68 129 40 36 144 24 65 66 34 33 12 20 17 18 9 10 5 3 6 128 256 32 64 16 8 4 2 1 0

SNR 0.500
511 510 509 508 507 506 505 504 503 502 501 500 499 498 497 496 495 494 493 492 491 490 489 488 487 486 485 484 483 482 481 480 479 478 477 476 475 474 473 472 471 470 469 468 467 466 465 464 463 462 461 460 459 458 457 456 455 454 453 452 451 450 449 448 447 446 445 444 443 442 441 440 439 438 437 436 435 434 433 432 431 430 429 428 427 426 425 424 423 422 421 420 419 418 417 416 415 414 413 412 411 410 409 408 407 406 405 404 403 402 401 400 399 398 397 396 395 394 393 392 391 390 389 388 387 386 385 384 383 382 381 380 379 378 377 376 375 374 373 372 371 370 369 368 367 366 365 364 363 362 361 360 359 358 357 356 355 354 353 352 351 350 349 348 347 346 345 344 343 342 341 340 339 338 337 336 335 334 333 332 331 330 329 328 327 326 325 324 323 322 321 320 319 318 317 316 315 314 313 312 311 310 309 308 307 306 305 304 303 302 301 300 299 298 297 296 295 294 293 292 291 290 289 288 287 286 285 284 283 282 281 280 279 278 277 276 275 274 273 272 271 270 269 268 267 266 265 264 263 262 261 260 259 258 257 255 254 253 252 251 250 249 248 247 246 245 244 243 242 241 240 239 238 237 236 235 234 233 232 231 230 229 228 227 226 225 224 223 222 221 220 219 218 217 216 215 214 213 212 211 210 209 208 207 206 205 204 203 202 201 200 199 198 197 196 195 194 193 192 191 190 189 188 187 186 185 184 183 182 181 180 179 178 177 176 175 174 173 172 171 170 169 168 167 166 165 164 163 162 161 160 159 158 157 156 155 154 153 152 151 150 149 148 147 146 145 144 143 142 141 140 139 138 137 136 135 134 133 132 131 130 127 126 125 124 123 122 121 120 119 118 117 116 115 114 113 112 111 110 109 108 107 106 105 104 103 102 101 100 99 98 97 96 95 94 93 92 91 90 89 88 87 86 85 84 83 82 81 80 79 78 77 76 75 74 73 72 71 70 69 68 67 63 62 61 60 59 58 57 56 55 54 53 52 51 50 49 47 46 45 44 43 42 41 39 38 37 35 31 30 29 28 27 26 25 23 22 21 19 15 14 13 11 7 48 129 40 65 66 20 34 36 33 24 18 12 9 10 6 17 5 3 256 64 128 32 16 8 4 1 2 0

SNR 1.000
511 510 509 508 507 506 505 504 503 502 501 500 499 498 497 496 495 494 493 492 491 490 489 488 487 486 485 484 483 482 481 480 479 478 477 476 475 474 473 472 471 470 469 468 467 466 465 464 463 462 461 460 459 458 457 456 455 454 453 452 451 450 449 448 447 446 445 444 443 442 441 440 439 438 437 436 435 434 433 432 431 430 429 428 427 426 425 424 423 422 421 420 419 418 417 416 415 414 413 412 411 410 409 408 407 406 405 404 403 402 401 400 399 398 397 396 395 394 393 392 391 390 389 388 387 386 385 384 383 382 381 380 379 378 377 376 375 374 373 372 371 370 369 368 367 366 365 364 363 362 361 360 359 358 357 356 355 354 353 352 351 350 349 348 347 346 345 344 343 342 341 340 339 338 337 336 335 334 333 332 331 330 329 328 327 326 325 324 323 322 321 320 319 318 317 316 315 314 313 312 311 310 309 308 307 306 305 304 303 302 301 300 299 298 297 296 295 294 293 292 291 290 289 288 287 286 285 284 283 282 281 280 279 278 277 276 275 274 273 272 271 270 269 268 267 266 265 264 263 262 261 260 259 258 257 255 254 253 252 251 250 249 248 247 246 245 244 243 242 241 240 239 238 237 236 235 234 233 232 231 230 229 228 227 226 225 224 223 222 221 220 219 218 217 216 215 214 213 212 211 210 209 208 207 206 205 204 203 202 201 200 199 198 197 196 195 194 193 192 191 190 189 188 187 186 185 184 183 182 181 180 179 178 177 176 175 174 173 172 171 170 169 168 167 166 165 164 163 162 161 160 159 158 157 156 155 154 153 152 151 150 149 148 147 146 145 144 143 142 141 140 139 138 137 136 135 134 133 132 131 130 129 127 126 125 124 123 122 121 120 119 118 117 116 115 114 113 112 111 110 109 108 107 106 105 104 103 102 101 100 99 98 97 96 95 94 93 92 91 90 89 88 87 86 85 84 83 82 81 80 79 78 77 76 75 74 73 72 71 70 69 68 67 66 65 63 62 61 60 59 58 57 56 55 54 53 52 51 50 49 48 47 46 45 44 43 42 41 40 39 38 37 36 35 34 33 31 30 29 28 27 26 25 23 22 21 20 19 18 15 14 13 12 11 7 6 9 17 10 24 5 3 256 128 8 16 32 64 4 2 1 0

SNR 1.500
511 510 509 508 507 506 505 504 503 502 501 500 499 498 497 496 495 494 493 492 491 490 489 488 487 486 485 484 483 482 481 480 479 478 477 476 475 474 473 472 471 470 469 468 467 466 465 464 463 462 461 460 459 458 457 456 455 454 453 452 451 450 449 448 447 446 445 444 443 442 441 440 439 438 437 436 435 434 433 432 431 430 429 428 427 426 425 424 423 422 421 420 419 418 417 416 415 414 413 412 411 410 409 408 407 406 405 404 403 402 401 400 399 398 397 396 395 394 393 392 391 390 389 388 387 386 385 384 383 382 381 380 379 378 377 376 375 374 373 372 371 370 369 368 367 366 365 364 363 362 361 360 359 358 357 356 355 354 353 352 351 350 349 348 347 346 345 344 343 342 341 340 339 338 337 336 335 334 333 332 331 330 329 328 327 326 325 324 323 322 321 320 319 318 317 316 315 314 313 312 311 310 309 308 307 306 305 304 303 302 301 300 299 298 297 296 295 294 293 292 291 290 289 288 287 286 285 284 283 282 281 280 279 278 277 276 275 274 273 272 271 270 269 268 267 266 265 264 263 262 261 260 259 258 257 255 254 253 252 251 250 249 248 247 246 245 244 243 242 241 240 239 238 237 236 235 234 233 232 231 230 229 228 227 226 225 224 223 222 221 220 219 218 217 216 215 214 213 212 211 210 209 208 207 206 205 204 203 202 201 200 199 198 197 196 195 194 193 192 191 190 189 188 187 186 185 184 183 182 181 180 179 178 177 176 175 174 173 172 171 170 169 168 167 166 165 164 163 162 161 160 159 158 157 156 155 154 153 152 151 150 149 148 147 146 145 144 143 142 141 140 139 138 137 136 135 134 133 132 131 130 129 127 126 125 124 123 122 121 120 119 118 117 116 115 114 113 112 111 110 109 108 107 106 105 104 103 102 101 100 99 98 97 96 95 94 93 92 91 90 89 88 87 86 85 84 83 82 81 80 79 78 77 76 75 74 73 72 71 70 69 68 67 66 65 63 62 61 60 59 58 57 56 55 54 53 52 51 50 49 48 47 46 45 44 43 42 41 40 39 38 37 36 35 34 33 31 30 29 28 27 26 25 24 23 22 21 20 19 18 17 15 14 13 12 11 10 9 7 6 5 3 256 128 64 32 16 8 2 4 1 0

SNR 2.000
511 510 509 508 507 506 505 504 503 502 501 500 499 498 497 496 495 494 493 492 491 490 489 488 487 486 485 484 483 482 481 480 479 478 477 476 475 474 473 472 471 470 469 468 467 466 465 464 463 462 461 460 459 458 457 456 455 454 453 452 451 450 449 448 447 446 445 444 443 442 441 440 439 438 437 436 435 434 433 432 431 430 429 428 427 426 425 424 423 422 421 420 419 418 417 416 415 414 413 412 411 410 409 408 407 406 405 404 403 402 401 400 399 398 397 396 395 394 393 392 391 390 389 388 387 386 385 384 383 382 381 380 379 378 377 376 375 374 373 372 371 370 369 368 367 366 365 364 363 362 361 360 359 358 357 356 355 354 353 352 351 350 349 348 347 346 345 344 343 342 341 340 339 338 337 336 335 334 333 332 331 330 329 328 327 326 325 324 323 322 321 320 319 318 317 316 315 314 313 312 311 310 309 308 307 306 305 304 303 302 301 300 299 298 297 296 295 294 293 292 291 290 289 288 287 286 285 284 283 282 281 280 279 278 277 276 275 274 273 272 271 270 269 268 267 266 265 264 263 262 261 260 259 258 257 255 254 253 252 251 250 249 248 247 246 245 244 243 242 241 240 239 238 237 236 235 234 233 232 231 230 229 228 227 226 225 224 223 222 221 220 219 218 217 216 215 214 213 212 211 210 209 208 207 206 205 204 203 202 201 200 199 198 197 196 195 194 193 192 191 190 189 188 187 186 185 184 183 182 181 180 179 178 177 176 175 174 173 172 171 170 169 168 167 166 165 164 163 162 161 160 159 158 157 156 155 154 153 152 151 150 149 148 147 146 145 144 143 142 141 140 139 138 137 136 135 134 133 132 131 130 129 127 126 125 124 123 122 121 120 119 118 117 116 115 114 113 112 111 110 109 108 107 106 105 104 103 102 101 100 99 98 97 96 95 94 93 92 91 90 89 88 87 86 85 84 83 82 81 80 79 78 77 76 75 74 73 72 71 70 69 68 67 66 65 63 62 61 60 59 58 57 56 55 54 53 52 51 50 49 48 47 46 45 44 43 42 41 40 39 38 37 36 35 34 33 31 30 29 28 27 26 25 24 23 22 21 20 19 18 17 15 14 13 12 11 10 9 7 6 5 3 256 64 32 128 8 2 4 1 16 0

SNR 2.500
511 510 509 508 507 506 505 504 503 502 501 500 499 498 497 496 495 494 493 492 491 490 489 488 487 486 485 484 483 482 481 480 479 478 477 476 475 474 473 472 471 470 469 468 467 466 465 464 463 462 461 460 459 458 457 456 455 454 453 452 451 450 449 448 447 446 445 444 443 442 441 440 439 438 437 436 435 434 433 432 431 430 429 428 427 426 425 424 423 422 421 420 419 418 417 416 415 414 413 412 411 410 409 408 407 406 405 404 403 402 401 400 399 398 397 396 395 394 393 392 391 390 389 388 387 386 385 384 383 382 381 380 379 378 377 376 375 374 373 372 371 370 369 368 367 366 365 364 363 362 361 360 359 358 357 356 355 354 353 352 351 350 349 348 347 346 345 344 343 342 341 340 339 338 337 336 335 334 333 332 331 330 329 328 327 326 325 324 323 322 321 320 319 318 317 316 315 314 313 312 311 310 309 308 307 306 305 304 303 302 301 300 299 298 297 296 295 294 293 292 291 290 289 288 287 286 285 284 283 282 281 280 279 278 277 276 275 274 273 272 271 270 269 268 267 266 265 264 263 262 261 260 259 258 257 255 254 253 252 251 250 249 248 247 246 245 244 243 242 241 240 239 238 237 236 235 234 233 232 231 230 229 228 227 226 225 224 223 222 221 220 219 218 217 216 215 214 213 212 211 210 209 208 207 206 205 204 203 202 201 200 199 198 197 196 195 194 193 192 191 190 189 188 187 186 185 184 183 182 181 180 179 178 177 176 175 174 173 172 171 170 169 168 167 166 165 164 163 162 161 160 159 158 157 156 155 154 153 152 151 150 149 148 147 146 145 144 143 142 141 140 139 138 137 136 135 134 133 132 131 130 129 127 126 125 124 123 122 121 120 119 118 117 116 115 114 113 112 111 110 109 108 107 106 105 104 103 102 101 100 99 98 97 96 95 94 93 92 91 90 89 88 87 86 85 84 83 82 81 80 79 78 77 76 75 74 73 72 71 70 69 68 67 66 65 63 62 61 60 59 58 57 56 55 54 53 52 51 50 49 48 47 46 45 44 43 42 41 40 39 38 37 36 35 34 33 31 30 29 28 27 26 25 24 23 22 21 20 19 18 17 15 14 13 12 11 10 9 7 6 5 3 256 64 128 32 16 8 4 1 2 0

SNR 3.000
511 510 509 508 507 506 505 504 503 502 501 500 499 498 497 496 495 494 493 492 491 490 489 488 487 486 485 484 483 482 481 480 479 478 477 476 475 474 473 472 471 470 469 468 467 466 465 464 463 462 461 460 459 458 457 456 455 454 453 452 451 450 449 448 447 446 445 444 443 442 441 440 439 438 437 436 435 434 433 432 431 430 429 428 427 426 425 424 423 422 421 420 419 418 417 416 415 414 413 412 411 410 409 408 407 406 405 404 403 402 401 400 399 398 397 396 395 394 393 392 391 390 389 388 387 386 385 384 383 382 381 380 379 378 377 376 375 374 373 372 371 370 369 368 367 366 365 364 363 362 361 360 359 358 357 356 355 354 353 352 351 350 349 348 347 346 345 344 343 342 341 340 339 338 337 336 335 334 333 332 331 330 329 328 327 326 325 324 323 322 321 320 319 318 317 316 315 314 313 312 311 310 309 308 307 306 305 304 303 302 301 300 299 298 297 296 295 294 293 292 291 290 289 288 287 286 285 284 283 282 281 280 279 278 277 276 275 274 273 272 271 270 269 268 267 266 265 264 263 262 261 260 259 258 257 256 255 254 253 252 251 250 249 248 247 246 245 244 243 242 241 240 239 238 237 236 235 234 233 232 231 230 229 228 227 226 225 224 223 222 221 220 219 218 217 216 215 214 213 212 211 210 209 208 207 206 205 204 203 202 201 200 199 198 197 196 195 194 193 192 191 190 189 188 187 186 185 184 183 182 181 180 179 178 177 176 175 174 173 172 171 170 169 168 167 166 165 164 163 162 161 160 159 158 157 156 155 154 153 152 151 150 149 148 147 146 145 144 143 142 141 140 139 138 137 136 135 134 133 132 131 130 129 127 126 125 124 123 122 121 120 119 118 117 116 115 114 113 112 111 110 109 108 107 106 105 104 103 102 101 100 99 98 97 96 95 94 93 92 91 90 89 88 87 86 85 84 83 82 81 80 79 78 77 76 75 74 73 72 71 70 69 68 67 66 65 63 62 61 60 59 58 57 56 55 54 53 52 51 50 49 48 47 46 45 44 43 42 41 40 39 38 37 36 35 34 33 31 30 29 28 27 26 25 24 23 22 21 20 19 18 17 15 14 13 12 11 10 9 7 6 5 3 32 128 64 16 4 2 1 8 0

SNR 3.500
511 510 509 508 507 506 505 504 503 502 501 500 499 498 497 496 495 494 493 492 491 490 489 488 487 486 485 484 483 482 481 480 479 478 477 476 475 474 473 472 471 470 469 468 467 466 465 464 463 462 461 460 459 458 457 456 455 454 453 452 451 450 449 448 447 446 445 444 443 442 441 440 439 438 437 436 435 434 433 432 431 430 429 428 427 426 425 424 423 422 421 420 419 418 417 416 415 414 413 412 411 410 409 408 407 406 405 404 403 402 401 400 399 398 397 396 395 394 393 392 391 390 389 388 387 386 385 384 383 382 381 380 379 378 377 376 375 374 373 372 371 370 369 368 367 366 365 364 363 362 361 360 359 358 357 356 355 354 353 352 351 350 349 348 347 346 345 344 343 342 341 340 339 338 337 336 335 334 333 332 331 330 329 328 327 326 325 324 323 322 321 320 319 318 317 316 315 314 313 312 311 310 309 308 307 306 305 304 303 302 301 300 299 298 297 296 295 294 293 292 291 290 289 288 287 286 285 284 283 282 281 280 279 278 277 276 275 274 273 272 271 270 269 268 267 266 265 264 263 262 261 260 259 258 257 256 255 254 253 252 251 250 249 248 247 246 245 244 243 242 241 240 239 238 237 236 235 234 233 232 231 230 229 228 227 226 225 224 223 222 221 220 219 218 217 216 215 214 213 212 211 210 209 208 207 206 205 204 203 202 201 200 199 198 197 196 195 194 193 192 191 190 189 188 187 186 185 184 183 182 181 180 179 178 177 176 175 174 173 172 171 170 169 168 167 166 165 164 163 162 161 160 159 158 157 156 155 154 153 152 151 150 149 148 147 146 145 144 143 142 141 140 139 138 137 136 135 134 133 132 131 130 129 128 127 126 125 124 123 122 121 120 119 118 117 116 115 114 113 112 111 110 109 108 107 106 105 104 103 102 101 100 99 98 97 96 95 94 93 92 91 90 89 88 87 86 85 84 83 82 81 80 79 78 77 76 75 74 73 72 71 70 69 68 67 66 65 64 63 62 61 60 59 58 57 56 55 54 53 52 51 50 49 48 47 46 45 44 43 42 41 40 39 38 37 36 35 34 33 32 31 30 29 28 27 26 25 24 23 22 21 20 19 18 17 16 15 14 13 12 11 10 9 8 7 6 5 3 2 4 1 0

SNR 4.000
511 510 509 508 507 506 505 504 503 502 501 500 499 498 497 496 495 494 493 492 491 490 489 488 487 486 485 484 483 482 481 480 479 478 477 476 475 474 473 472 471 470 469 468 467 466 465 464 463 462 461 460 459 458 457 456 455 454 453 452 451 450 449 448 447 446 445 444 443 442 441 440 439 438 437 436 435 434 433 432 431 430 429 428 427 426 425 424 423 422 421 420 419 418 417 416 415 414 413 412 411 410 409 408 407 406 405 404 403 402 401 400 399 398 397 396 395 394 393 392 391 390 389 388 387 386 385 384 383 382 381 380 379 378 377 376 375 374 373 372 371 370 369 368 367 366 365 364 363 362 361 360 359 358 357 356 355 354 353 352 351 350 349 348 347 346 345 344 343 342 341 340 339 338 337 336 335 334 333 332 331 330 329 328 327 326 325 324 323 322 321 320 319 318 317 316 315 314 313 312 311 310 309 308 307 306 305 304 303 302 301 300 299 298 297 296 295 294 293 292 291 290 289 288 287 286 285 284 283 282 281 280 279 278 277 276 275 274 273 272 271 270 269 268 267 266 265 264 263 262 261 260 259 258 257 256 255 254 253 252 251 250 249 248 247 246 245 244 243 242 241 240 239 238 237 236 235 234 233 232 231 230 229 228 227 226 225 224 223 222 221 220 219 218 217 216 215 214 213 212 211 210 209 208 207 206 205 204 203 202 201 200 199 198 197 196 195 194 193 192 191 190 189 188 187 186 185 184 183 182 181 180 179 178 177 176 175 174 173 172 171 170 169 168 167 166 165 164 163 162 161 160 159 158 157 156 155 154 153 152 151 150 149 148 147 146 145 144 143 142 141 140 139 138 137 136 135 134 133 132 131 130 129 128 127 126 125 124 123 122 121 120 119 118 117 116 115 114 113 112 111 110 109 108 107 106 105 104 103 102 101 100 99 98 97 96 95 94 93 92 91 90 89 88 87 86 85 84 83 82 81 80 79 78 77 76 75 74 73 72 71 70 69 68 67 66 65 64 63 62 61 60 59 58 57 56 55 54 53 52 51 50 49 48 47 46 45 44 43 42 41 40 39 38 37 36 35 34 33 32 31 30 29 28 27 26 25 24 23 22 21 20 19 18 17 16 15 14 13 12 11 10 9 8 7 6 5 4 3 2 1 0

SNR 4.500
511 510 509 508 507 506 505 504 503 502 501 500 499 498 497 496 495 494 493 492 491 490 489 488 487 486 485 484 483 482 481 480 479 478 477 476 475 474 473 472 471 470 469 468 467 466 465 464 463 462 461 460 459 458 457 456 455 454 453 452 451 450 449 448 447 446 445 444 443 442 441 440 439 438 437 436 435 434 433 432 431 430 429 428 427 426 425 424 423 422 421 420 419 418 417 416 415 414 413 412 411 410 409 408 407 406 405 404 403 402 401 400 399 398 397 396 395 394 393 392 391 390 389 388 387 386 385 384 383 382 381 380 379 378 377 376 375 374 373 372 371 370 369 368 367 366 365 364 363 362 361 360 359 358 357 356 355 354 353 352 351 350 349 348 347 346 345 344 343 342 341 340 339 338 337 336 335 334 333 332 331 330 329 328 327 326 325 324 323 322 321 320 319 318 317 316 315 314 313 312 311 310 309 308 307 306 305 304 303 302 301 300 299 298 297 296 295 294 293 292 291 290 289 288 287 286 285 284 283 282 281 280 279 278 277 276 275 274 273 272 271 270 269 268 267 266 265 264 263 262 261 260 259 258 257 256 255 254 253 252 251 250 249 248 247 246 245 244 243 242 241 240 239 238 237 236 235 234 233 232 231 230 229 228 227 226 225 224 223 222 221 220 219 218 217 216 215 214 213 212 211 210 209 208 207 206 205 204 203 202 201 200 199 198 197 196 195 194 193 192 191 190 189 188 187 186 185 184 183 182 181 180 179 178 177 176 175 174 173 172 171 170 169 168 167 166 165 164 163 162 161 160 159 158 157 156 155 154 153 152 151 150 149 148 147 146 145 144 143 142 141 140 139 138 137 136 135 134 133 132 131 130 129 128 127 126 125 124 123 122 121 120 119 118 117 116 115 114 113 112 111 110 109 108 107 106 105 104 103 102 101 100 99 98 97 96 95 94 93 92 91 90 89 88 87 86 85 84 83 82 81 80 79 78 77 76 75 74 73 72 71 70 69 68 67 66 65 64 63 62 61 60 59 58 57 56 55 54 53 52 51 50 49 48 47 46 45 44 43 42 41 40 39 38 37 36 35 34 33 32 31 30 29 28 27 26 25 24 23 22 21 20 19 18 17 16 15 14 13 12 11 10 9 8 7 6 5 4 3 2 1 0

SNR 5.000
511 510 509 508 507 506 505 504 503 502 501 500 499 498 497 496 495 494 493 492 491 490 489 488 487 486 485 484 483 482 481 480 479 478 477 476 475 474 473 472 471 470 469 468 467 466 465 464 463 462 461 460 459 458 457 456 455 454 453 452 451 450 449 448 447 446 445 444 443 442 441 440 439 438 437 436 435 434 433 432 431 430 429 428 427 426 425 424 423 422 421 420 419 418 417 416 415 414 413 412 411 410 409 408 407 406 405 404 403 402 401 400 399 398 397 396 395 394 393 392 391 390 389 388 387 386 385 384 383 382 381 380 379 378 377 376 375 374 373 372 371 370 369 368 367 366 365 364 363 362 361 360 359 358 357 356 355 354 353 352 351 350 349 348 347 346 345 344 343 342 341 340 339 338 337 336 335 334 333 332 331 330 329 328 327 326 325 324 323 322 321 320 319 318 317 316 315 314 313 312 311 310 309 308 307 306 305 304 303 302 301 300 299 298 297 296 295 294 293 292 291 290 289 288 287 286 285 284 283 282 281 280 279 278 277 276 275 274 273 272 271 270 269 268 267 266 265 264 263 262 261 260 259 258 257 256 255 254 253 252 251 250 249 248 247 246 245 244 243 242 241 240 239 238 237 236 235 234 233 232 231 230 229 228 227 226 225 224 223 222 221 220 219 218 217 216 215 214 213 212 211 210 209 208 207 206 205 204 203 202 201 200 199 198 197 196 195 194 193 192 191 190 189 188 187 186 185 184 183 182 181 180 179 178 177 176 175 174 173 172 171 170 169 168 167 166 165 164 163 162 161 160 159 158 157 156 155 154 153 152 151 150 149 148 147 146 145 144 143 142 141 140 139 138 137 136 135 134 133 132 131 130 129 128 127 126 125 124 123 122 121 120 119 118 117 116 115 114 113 112 111 110 109 108 107 106 105 104 103 102 101 100 99 98 97 96 95 94 93 92 91 90 89 88 87 86 85 84 83 82 81 80 79 78 77 76 75 74 73 72 71 70 69 68 67 66 65 64 63 62 61 60 59 58 57 56 55 54 53 52 51 50 49 48 47 46 45 44 43 42 41 40 39 38 37 36 35 34 33 32 31 30 29 28 27 26 25 24 23 22 21 20 19 18 17 16 15 14 13 12 11 10 9 8 7 6 5 4 3 2 1 0

SNR 5.500
511 510 509 508 507 506 505 504 503 502 501 500 499 498 497 496 495 494 493 492 491 490 489 488 487 486 485 484 483 482 481 480 479 478 477 476 475 474 473 472 471 470 469 468 467 466 465 464 463 462 461 460 459 458 457 456 455 454 453 452 451 450 449 448 447 446 445 444 443 442 441 440 439 438 437 436 435 434 433 432 431 430 429 428 427 426 425 424 423 422 421 420 419 418 417 416 415 414 413 412 411 410 409 408 407 406 405 404 403 402 401 400 399 398 397 396 395 394 393 392 391 390 389 388 387 386 385 384 383 382 381 380 379 378 377 376 375 374 373 372 371 370 369 368 367 366 365 364 363 362 361 360 359 358 357 356 355 354 353 352 351 350 349 348 347 346 345 344 343 342 341 340 339 338 337 336 335 334 333 332 331 330 329 328 327 326 325 324 323 322 321 320 319 318 317 316 315 314 313 312 311 310 309 308 307 306 305 304 303 302 301 300 299 298 297 296 295 294 293 292 291 290 289 288 287 286 285 284 283 282 281 280 279 278 277 276 275 274 273 272 271 270 269 268 267 266 265 264 263 262 261 260 259 258 257 256 255 254 253 252 251 250 249 248 247 246 245 244 243 242 241 240 239 238 237 236 235 234 233 232 231 230 229 228 227 226 225 224 223 222 221 220 219 218 217 216 215 214 213 212 211 210 209 208 207 206 205 204 203 202 201 200 199 198 197 196 195 194 193 192 191 190 189 188 187 186 185 184 183 182 181 180 179 178 177 176 175 174 173 172 171 170 169 168 167 166 165 164 163 162 161 160 159 158 157 156 155 154 153 152 151 150 149 148 147 146 145 144 143 142 141 140 139 138 137 136 135 134 133 132 131 130 129 128 127 126 125 124 123 122 121 120 119 118 117 116 115 114 113 112 111 110 109 108 107 106 105 104 103 102 101 100 99 98 97 96 95 94 93 92 91 90 89 88 87 86 85 84 83 82 81 80 79 78 77 76 75 74 73 72 71 70 69 68 67 66 65 64 63 62 61 60 59 58 57 56 55 54 53 52 51 50 49 48 47 46 45 44 43 42 41 40 39 38 37 36 35 34 33 32 31 30 29 28 27 26 25 24 23 22 21 20 19 18 17 16 15 14 13 12 11 10 9 8 7 6 5 4 3 2 1 0

