SNR -7.000
3 2 1 0

SNR -6.500
3 2 1 0

SNR -6.000
3 2 1 0

SNR -5.500
3 2 1 0

SNR -5.000
3 2 1 0

SNR -4.500
3 2 1 0

SNR -4.000
3 2 1 0

SNR -3.500
3 2 1 0

SNR -3.000
3 2 1 0

SNR -2.500
3 2 1 0

SNR -2.000
3 2 1 0

SNR -1.500
3 2 1 0

SNR -1.000
3 2 1 0

SNR -0.500
3 2 1 0

SNR 0.000
3 1 2 0

SNR 0.500
3 2 1 0

SNR 1.000
3 2 1 0

SNR 1.500
3 2 1 0

SNR 2.000
3 2 1 0

SNR 2.500
3 2 1 0

SNR 3.000
3 2 1 0

SNR 3.500
3 2 1 0

SNR 4.000
3 2 1 0

SNR 4.500
3 2 1 0

SNR 5.000
3 2 1 0

SNR 5.500
3 2 1 0

