SNR -7.000
127 126 125 124 123 122 121 119 118 117 115 111 110 109 107 103 95 94 93 91 87 79 63 62 61 59 120 113 116 114 108 92 101 55 90 105 106 99 102 89 85 86 47 83 78 60 112 58 57 75 77 31 54 53 100 104 71 98 88 97 51 46 84 82 45 81 76 43 56 74 30 52 73 29 39 70 50 96 69 44 27 49 80 42 23 67 15 41 72 28 38 37 26 35 68 48 25 22 21 66 19 14 13 11 65 7 40 36 34 33 24 20 18 17 12 10 9 6 64 5 3 32 16 8 4 2 1 0

SNR -6.500
127 126 125 124 123 122 121 120 119 118 117 116 115 111 110 109 107 103 95 94 93 91 87 79 63 62 61 59 55 105 114 108 113 106 92 47 99 101 102 90 86 85 83 89 60 57 78 75 77 58 53 54 104 51 31 112 71 100 98 88 46 84 97 45 82 81 43 76 74 56 30 73 52 39 29 70 50 69 27 44 49 96 42 67 80 23 41 72 38 28 15 37 26 68 48 35 25 22 66 21 40 19 65 14 13 11 7 36 34 24 33 20 18 17 64 12 10 9 6 5 3 32 16 8 4 2 1 0

SNR -6.000
127 126 125 124 123 122 121 120 119 118 117 116 115 114 113 111 110 109 108 107 106 105 103 102 101 95 94 93 91 89 87 79 63 62 61 59 55 47 99 92 86 90 85 78 83 60 77 31 58 75 57 53 54 112 51 104 71 100 98 46 97 88 84 43 45 82 81 76 74 30 39 56 29 73 52 70 50 27 69 49 44 42 96 67 23 41 80 38 28 72 15 37 26 68 48 35 25 22 66 40 21 65 19 14 36 13 11 7 34 24 33 20 64 18 17 12 10 9 6 5 3 32 16 8 4 2 1 0

SNR -5.500
127 126 125 124 123 122 121 120 119 118 117 116 115 114 113 111 110 109 108 107 106 105 103 102 101 99 95 94 93 92 91 90 89 87 86 85 83 79 63 62 61 59 55 47 31 77 78 58 57 54 60 71 51 75 53 112 46 45 98 97 88 100 82 43 84 104 76 30 39 81 74 27 29 56 73 52 70 50 69 44 49 42 23 67 41 96 38 80 28 37 15 26 72 35 25 68 48 22 66 40 21 65 14 19 36 13 34 24 11 7 33 20 64 18 17 12 10 9 6 5 3 32 16 8 4 2 1 0

SNR -5.000
127 126 125 124 123 122 121 120 119 118 117 116 115 114 113 111 110 109 108 107 106 105 103 102 101 99 95 94 93 92 91 90 89 87 86 85 83 79 78 77 75 63 62 61 60 59 58 57 55 53 47 31 51 54 71 46 45 43 112 30 104 39 98 97 29 84 100 88 76 27 73 81 50 82 70 74 23 56 52 49 44 69 42 67 41 38 37 96 28 15 26 80 72 25 35 22 68 48 21 66 40 65 19 14 36 13 34 24 11 33 20 7 18 64 17 12 10 9 32 6 5 3 16 8 4 2 1 0

SNR -4.500
127 126 125 124 123 122 121 120 119 118 117 116 115 114 113 111 110 109 108 107 106 105 103 102 101 99 95 94 93 92 91 90 89 87 86 85 83 79 78 77 75 71 63 62 61 60 59 58 57 55 54 53 51 47 46 45 31 43 39 112 30 88 104 100 98 84 82 29 81 27 23 76 97 74 73 56 52 70 49 69 50 67 44 38 42 41 37 28 15 96 26 35 25 80 22 72 68 21 48 66 40 19 14 65 36 13 34 24 11 33 20 7 18 64 12 17 10 9 32 6 5 3 16 8 4 2 1 0

SNR -4.000
127 126 125 124 123 122 121 120 119 118 117 116 115 114 113 111 110 109 108 107 106 105 103 102 101 99 95 94 93 92 91 90 89 87 86 85 83 79 78 77 75 71 63 62 61 60 59 58 57 55 54 53 51 47 46 45 43 31 30 29 39 27 104 112 100 23 88 98 76 84 97 73 56 42 69 74 70 81 49 44 50 52 41 82 38 15 67 37 26 28 35 22 25 21 96 80 72 68 19 48 14 66 40 13 65 36 34 11 24 33 20 7 18 17 12 64 10 9 32 6 5 3 16 8 4 2 1 0

SNR -3.500
127 126 125 124 123 122 121 120 119 118 117 116 115 114 113 111 110 109 108 107 106 105 103 102 101 99 95 94 93 92 91 90 89 87 86 85 83 79 78 77 75 71 63 62 61 60 59 58 57 55 54 53 51 47 46 45 43 39 31 30 29 27 23 112 88 98 104 82 84 97 100 76 15 56 74 73 81 52 49 50 70 69 44 42 67 38 26 37 41 25 35 28 22 96 19 80 14 21 72 68 13 48 66 40 65 11 36 34 24 33 20 7 18 17 12 10 64 9 6 32 5 16 3 8 4 2 1 0

SNR -3.000
127 126 125 124 123 122 121 120 119 118 117 116 115 114 113 112 111 110 109 108 107 106 105 104 103 102 101 100 99 98 97 95 94 93 92 91 90 89 88 87 86 85 84 83 82 79 78 77 75 71 63 62 61 60 59 58 57 55 54 53 51 47 46 45 43 39 31 30 29 27 23 15 52 74 73 56 76 81 70 42 50 41 49 44 69 67 26 38 28 25 22 19 35 37 13 21 14 96 80 72 48 68 66 11 36 40 65 34 24 7 20 33 18 17 12 10 9 64 6 32 5 16 3 8 4 2 1 0

SNR -2.500
127 126 125 124 123 122 121 120 119 118 117 116 115 114 113 112 111 110 109 108 107 106 105 104 103 102 101 100 99 98 97 95 94 93 92 91 90 89 88 87 86 85 84 83 82 81 79 78 77 76 75 74 73 71 70 69 63 62 61 60 59 58 57 56 55 54 53 51 50 47 46 45 44 43 41 39 31 30 29 27 23 15 52 67 42 49 37 28 38 35 26 22 25 21 19 14 13 11 80 96 72 7 48 68 65 36 40 66 20 33 24 34 18 12 17 10 9 6 64 5 32 3 16 8 4 2 1 0

SNR -2.000
127 126 125 124 123 122 121 120 119 118 117 116 115 114 113 112 111 110 109 108 107 106 105 104 103 102 101 100 99 98 97 95 94 93 92 91 90 89 88 87 86 85 84 83 82 81 79 78 77 76 75 74 73 71 70 69 67 63 62 61 60 59 58 57 56 55 54 53 52 51 50 49 47 46 45 44 43 42 41 39 38 37 31 30 29 28 27 26 25 23 22 15 35 21 19 13 14 11 7 72 80 96 40 48 36 24 33 65 68 34 20 18 66 17 12 10 9 6 5 64 3 32 16 8 4 2 1 0

SNR -1.500
127 126 125 124 123 122 121 120 119 118 117 116 115 114 113 112 111 110 109 108 107 106 105 104 103 102 101 100 99 98 97 95 94 93 92 91 90 89 88 87 86 85 84 83 82 81 79 78 77 76 75 74 73 71 70 69 67 63 62 61 60 59 58 57 56 55 54 53 52 51 50 49 47 46 45 44 43 42 41 39 38 37 35 31 30 29 28 27 26 25 23 22 19 15 21 11 13 14 7 96 80 72 40 66 48 65 36 34 20 33 17 24 18 68 12 10 9 5 6 3 64 32 16 8 4 2 1 0

SNR -1.000
127 126 125 124 123 122 121 120 119 118 117 116 115 114 113 112 111 110 109 108 107 106 105 104 103 102 101 100 99 98 97 95 94 93 92 91 90 89 88 87 86 85 84 83 82 81 79 78 77 76 75 74 73 71 70 69 67 63 62 61 60 59 58 57 56 55 54 53 52 51 50 49 47 46 45 44 43 42 41 39 38 37 35 31 30 29 28 27 26 25 23 22 21 19 15 14 13 11 7 96 72 80 48 36 66 40 65 24 20 17 12 33 34 18 68 9 6 10 5 3 64 32 16 8 4 2 1 0

SNR -0.500
127 126 125 124 123 122 121 120 119 118 117 116 115 114 113 112 111 110 109 108 107 106 105 104 103 102 101 100 99 98 97 96 95 94 93 92 91 90 89 88 87 86 85 84 83 82 81 79 78 77 76 75 74 73 71 70 69 67 63 62 61 60 59 58 57 56 55 54 53 52 51 50 49 47 46 45 44 43 42 41 39 38 37 35 31 30 29 28 27 26 25 23 22 21 19 15 14 13 11 7 48 80 72 36 68 34 40 66 24 33 65 20 18 10 17 9 6 5 12 3 64 32 16 8 4 2 1 0

SNR 0.000
127 126 125 124 123 122 121 120 119 118 117 116 115 114 113 112 111 110 109 108 107 106 105 104 103 102 101 100 99 98 97 96 95 94 93 92 91 90 89 88 87 86 85 84 83 82 81 80 79 78 77 76 75 74 73 72 71 70 69 67 66 63 62 61 60 59 58 57 56 55 54 53 52 51 50 49 48 47 46 45 44 43 42 41 39 38 37 35 31 30 29 28 27 26 25 23 22 21 19 15 14 13 11 7 40 68 33 24 65 18 12 34 20 17 10 9 36 6 3 5 32 64 8 16 4 2 1 0

SNR 0.500
127 126 125 124 123 122 121 120 119 118 117 116 115 114 113 112 111 110 109 108 107 106 105 104 103 102 101 100 99 98 97 96 95 94 93 92 91 90 89 88 87 86 85 84 83 82 81 80 79 78 77 76 75 74 73 72 71 70 69 68 67 66 65 63 62 61 60 59 58 57 56 55 54 53 52 51 50 49 48 47 46 45 44 43 42 41 40 39 38 37 36 35 34 33 31 30 29 28 27 26 25 24 23 22 21 20 19 18 17 15 14 13 11 7 12 10 5 9 6 3 64 16 32 8 4 2 1 0

SNR 1.000
127 126 125 124 123 122 121 120 119 118 117 116 115 114 113 112 111 110 109 108 107 106 105 104 103 102 101 100 99 98 97 96 95 94 93 92 91 90 89 88 87 86 85 84 83 82 81 80 79 78 77 76 75 74 73 72 71 70 69 68 67 66 65 63 62 61 60 59 58 57 56 55 54 53 52 51 50 49 48 47 46 45 44 43 42 41 40 39 38 37 36 35 34 33 31 30 29 28 27 26 25 24 23 22 21 20 19 18 17 15 14 13 12 11 10 9 7 5 3 6 64 32 2 4 8 16 1 0

SNR 1.500
127 126 125 124 123 122 121 120 119 118 117 116 115 114 113 112 111 110 109 108 107 106 105 104 103 102 101 100 99 98 97 96 95 94 93 92 91 90 89 88 87 86 85 84 83 82 81 80 79 78 77 76 75 74 73 72 71 70 69 68 67 66 65 63 62 61 60 59 58 57 56 55 54 53 52 51 50 49 48 47 46 45 44 43 42 41 40 39 38 37 36 35 34 33 31 30 29 28 27 26 25 24 23 22 21 20 19 18 17 15 14 13 12 11 10 9 7 6 5 3 64 32 16 8 4 2 1 0

SNR 2.000
127 126 125 124 123 122 121 120 119 118 117 116 115 114 113 112 111 110 109 108 107 106 105 104 103 102 101 100 99 98 97 96 95 94 93 92 91 90 89 88 87 86 85 84 83 82 81 80 79 78 77 76 75 74 73 72 71 70 69 68 67 66 65 63 62 61 60 59 58 57 56 55 54 53 52 51 50 49 48 47 46 45 44 43 42 41 40 39 38 37 36 35 34 33 31 30 29 28 27 26 25 24 23 22 21 20 19 18 17 15 14 13 12 11 10 9 7 6 5 3 64 16 8 32 2 1 4 0

SNR 2.500
127 126 125 124 123 122 121 120 119 118 117 116 115 114 113 112 111 110 109 108 107 106 105 104 103 102 101 100 99 98 97 96 95 94 93 92 91 90 89 88 87 86 85 84 83 82 81 80 79 78 77 76 75 74 73 72 71 70 69 68 67 66 65 63 62 61 60 59 58 57 56 55 54 53 52 51 50 49 48 47 46 45 44 43 42 41 40 39 38 37 36 35 34 33 31 30 29 28 27 26 25 24 23 22 21 20 19 18 17 15 14 13 12 11 10 9 7 6 5 3 64 16 32 8 4 2 1 0

SNR 3.000
127 126 125 124 123 122 121 120 119 118 117 116 115 114 113 112 111 110 109 108 107 106 105 104 103 102 101 100 99 98 97 96 95 94 93 92 91 90 89 88 87 86 85 84 83 82 81 80 79 78 77 76 75 74 73 72 71 70 69 68 67 66 65 64 63 62 61 60 59 58 57 56 55 54 53 52 51 50 49 48 47 46 45 44 43 42 41 40 39 38 37 36 35 34 33 31 30 29 28 27 26 25 24 23 22 21 20 19 18 17 15 14 13 12 11 10 9 7 6 5 3 8 32 16 4 1 2 0

SNR 3.500
127 126 125 124 123 122 121 120 119 118 117 116 115 114 113 112 111 110 109 108 107 106 105 104 103 102 101 100 99 98 97 96 95 94 93 92 91 90 89 88 87 86 85 84 83 82 81 80 79 78 77 76 75 74 73 72 71 70 69 68 67 66 65 64 63 62 61 60 59 58 57 56 55 54 53 52 51 50 49 48 47 46 45 44 43 42 41 40 39 38 37 36 35 34 33 32 31 30 29 28 27 26 25 24 23 22 21 20 19 18 17 16 15 14 13 12 11 10 9 8 7 6 5 4 3 2 1 0

SNR 4.000
127 126 125 124 123 122 121 120 119 118 117 116 115 114 113 112 111 110 109 108 107 106 105 104 103 102 101 100 99 98 97 96 95 94 93 92 91 90 89 88 87 86 85 84 83 82 81 80 79 78 77 76 75 74 73 72 71 70 69 68 67 66 65 64 63 62 61 60 59 58 57 56 55 54 53 52 51 50 49 48 47 46 45 44 43 42 41 40 39 38 37 36 35 34 33 32 31 30 29 28 27 26 25 24 23 22 21 20 19 18 17 16 15 14 13 12 11 10 9 8 7 6 5 4 3 2 1 0

SNR 4.500
127 126 125 124 123 122 121 120 119 118 117 116 115 114 113 112 111 110 109 108 107 106 105 104 103 102 101 100 99 98 97 96 95 94 93 92 91 90 89 88 87 86 85 84 83 82 81 80 79 78 77 76 75 74 73 72 71 70 69 68 67 66 65 64 63 62 61 60 59 58 57 56 55 54 53 52 51 50 49 48 47 46 45 44 43 42 41 40 39 38 37 36 35 34 33 32 31 30 29 28 27 26 25 24 23 22 21 20 19 18 17 16 15 14 13 12 11 10 9 8 7 6 5 4 3 2 1 0

SNR 5.000
127 126 125 124 123 122 121 120 119 118 117 116 115 114 113 112 111 110 109 108 107 106 105 104 103 102 101 100 99 98 97 96 95 94 93 92 91 90 89 88 87 86 85 84 83 82 81 80 79 78 77 76 75 74 73 72 71 70 69 68 67 66 65 64 63 62 61 60 59 58 57 56 55 54 53 52 51 50 49 48 47 46 45 44 43 42 41 40 39 38 37 36 35 34 33 32 31 30 29 28 27 26 25 24 23 22 21 20 19 18 17 16 15 14 13 12 11 10 9 8 7 6 5 4 3 2 1 0

SNR 5.500
127 126 125 124 123 122 121 120 119 118 117 116 115 114 113 112 111 110 109 108 107 106 105 104 103 102 101 100 99 98 97 96 95 94 93 92 91 90 89 88 87 86 85 84 83 82 81 80 79 78 77 76 75 74 73 72 71 70 69 68 67 66 65 64 63 62 61 60 59 58 57 56 55 54 53 52 51 50 49 48 47 46 45 44 43 42 41 40 39 38 37 36 35 34 33 32 31 30 29 28 27 26 25 24 23 22 21 20 19 18 17 16 15 14 13 12 11 10 9 8 7 6 5 4 3 2 1 0

