SNR -7.000
31 30 29 27 23 15 28 25 26 22 21 19 14 13 24 11 20 18 7 17 12 10 9 6 5 3 16 8 4 2 1 0

SNR -6.500
31 30 29 27 23 15 26 28 25 22 21 19 14 13 11 24 20 18 7 17 12 10 9 6 5 16 3 8 4 2 1 0

SNR -6.000
31 30 29 27 23 15 28 26 25 22 21 19 14 13 11 24 20 7 18 17 12 10 9 6 5 16 3 8 4 2 1 0

SNR -5.500
31 30 29 27 23 15 28 22 25 21 26 19 14 13 11 24 20 7 18 17 12 10 9 6 5 16 3 8 4 2 1 0

SNR -5.000
31 30 29 27 23 15 28 26 21 25 22 19 14 13 11 24 7 20 18 17 12 10 9 6 5 16 3 8 4 2 1 0

SNR -4.500
31 30 29 27 23 15 28 22 26 25 21 19 14 13 11 7 24 20 18 17 12 10 9 6 5 16 3 8 4 2 1 0

SNR -4.000
31 30 29 27 23 15 26 28 25 22 19 21 14 11 13 7 24 20 18 17 12 10 9 6 5 3 16 8 4 2 1 0

SNR -3.500
31 30 29 27 23 15 28 22 26 21 25 19 14 13 11 7 24 20 18 17 12 10 9 6 5 3 16 8 4 2 1 0

SNR -3.000
31 30 29 28 27 26 25 23 22 21 15 13 14 19 11 7 24 20 18 12 17 9 10 6 5 3 16 8 4 2 1 0

SNR -2.500
31 30 29 28 27 26 25 23 22 21 19 15 14 11 13 7 20 24 18 12 17 9 10 5 6 3 16 8 4 2 1 0

SNR -2.000
31 30 29 28 27 26 25 23 22 21 19 15 14 13 11 7 18 20 24 10 12 9 6 17 5 3 16 8 4 2 1 0

SNR -1.500
31 30 29 28 27 26 25 23 22 21 19 15 14 13 11 7 24 20 18 10 12 9 5 6 17 3 16 8 4 2 1 0

SNR -1.000
31 30 29 28 27 26 25 23 22 21 19 15 14 13 11 7 24 18 20 12 9 10 6 5 3 17 16 8 4 2 1 0

SNR -0.500
31 30 29 28 27 26 25 24 23 22 21 19 15 14 13 11 7 12 20 18 9 17 10 6 5 3 16 8 4 2 1 0

SNR 0.000
31 30 29 28 27 26 25 24 23 22 21 20 19 18 15 14 13 12 11 7 10 17 6 3 5 9 8 16 2 4 1 0

SNR 0.500
31 30 29 28 27 26 25 24 23 22 21 20 19 18 17 15 14 13 12 11 10 9 7 6 5 3 16 4 8 2 1 0

SNR 1.000
31 30 29 28 27 26 25 24 23 22 21 20 19 18 17 15 14 13 12 11 10 9 7 6 5 3 16 8 1 2 4 0

SNR 1.500
31 30 29 28 27 26 25 24 23 22 21 20 19 18 17 15 14 13 12 11 10 9 7 6 5 3 16 8 4 2 1 0

SNR 2.000
31 30 29 28 27 26 25 24 23 22 21 20 19 18 17 15 14 13 12 11 10 9 7 6 5 3 16 4 2 8 1 0

SNR 2.500
31 30 29 28 27 26 25 24 23 22 21 20 19 18 17 15 14 13 12 11 10 9 7 6 5 3 16 4 8 2 1 0

SNR 3.000
31 30 29 28 27 26 25 24 23 22 21 20 19 18 17 16 15 14 13 12 11 10 9 7 6 5 3 2 8 4 1 0

SNR 3.500
31 30 29 28 27 26 25 24 23 22 21 20 19 18 17 16 15 14 13 12 11 10 9 8 7 6 5 4 3 2 1 0

SNR 4.000
31 30 29 28 27 26 25 24 23 22 21 20 19 18 17 16 15 14 13 12 11 10 9 8 7 6 5 4 3 2 1 0

SNR 4.500
31 30 29 28 27 26 25 24 23 22 21 20 19 18 17 16 15 14 13 12 11 10 9 8 7 6 5 4 3 2 1 0

SNR 5.000
31 30 29 28 27 26 25 24 23 22 21 20 19 18 17 16 15 14 13 12 11 10 9 8 7 6 5 4 3 2 1 0

SNR 5.500
31 30 29 28 27 26 25 24 23 22 21 20 19 18 17 16 15 14 13 12 11 10 9 8 7 6 5 4 3 2 1 0

