SNR -7.000
63 62 61 59 55 47 31 60 58 57 54 46 45 53 51 43 39 30 56 29 27 50 52 49 44 23 42 41 38 28 37 15 26 35 25 48 22 40 21 36 14 19 13 34 24 11 33 7 20 18 17 12 10 9 6 5 32 3 16 8 4 2 1 0

SNR -6.500
63 62 61 60 59 58 55 47 31 57 54 53 46 51 45 43 30 39 29 27 52 56 50 49 44 23 42 41 38 37 28 15 26 35 25 22 48 21 40 36 19 14 13 34 24 11 33 20 7 18 17 12 10 9 32 6 5 3 16 8 4 2 1 0

SNR -6.000
63 62 61 60 59 58 57 55 54 53 51 47 31 46 43 45 39 30 29 27 56 52 50 49 23 44 42 41 38 37 15 28 26 35 25 22 21 48 40 19 14 36 13 34 24 11 33 20 7 18 17 12 10 9 32 6 5 3 16 8 4 2 1 0

SNR -5.500
63 62 61 60 59 58 57 55 54 53 51 47 46 45 43 31 39 29 27 30 56 23 49 44 50 41 42 52 38 15 37 28 26 35 25 22 21 48 19 40 14 13 36 34 24 11 33 20 7 18 17 12 10 9 32 6 5 3 16 8 4 2 1 0

SNR -5.000
63 62 61 60 59 58 57 55 54 53 51 47 46 45 43 39 31 30 29 27 23 56 15 52 49 42 50 44 38 25 41 35 37 28 26 22 21 19 48 14 13 40 36 11 34 24 33 20 7 18 17 12 10 9 32 6 5 16 3 8 4 2 1 0

SNR -4.500
63 62 61 60 59 58 57 55 54 53 51 47 46 45 43 39 31 30 29 27 23 56 15 44 52 50 49 42 41 38 37 28 26 35 25 22 19 21 14 48 13 40 11 36 34 24 33 20 7 18 17 12 10 9 32 6 5 16 3 8 4 2 1 0

SNR -4.000
63 62 61 60 59 58 57 55 54 53 51 47 46 45 43 39 31 30 29 27 23 15 52 56 50 44 49 38 42 28 21 37 35 22 25 26 41 19 13 14 11 48 40 36 34 24 7 33 20 18 17 12 10 9 6 32 5 16 3 8 4 2 1 0

SNR -3.500
63 62 61 60 59 58 57 55 54 53 51 47 46 45 43 39 31 30 29 27 23 15 56 44 49 52 41 42 50 38 28 37 26 25 35 22 21 19 13 14 11 48 40 7 36 34 24 33 20 18 17 12 10 9 6 5 32 3 16 8 4 2 1 0

SNR -3.000
63 62 61 60 59 58 57 56 55 54 53 52 51 50 49 47 46 45 44 43 42 41 39 31 30 29 27 23 15 26 37 28 38 35 21 25 22 13 19 14 11 7 48 40 36 24 34 33 18 20 17 12 10 9 6 5 32 3 16 8 4 2 1 0

SNR -2.500
63 62 61 60 59 58 57 56 55 54 53 52 51 50 49 47 46 45 44 43 42 41 39 38 37 35 31 30 29 28 27 25 23 22 15 26 21 14 19 13 11 7 40 48 36 24 34 18 20 33 10 12 17 9 6 5 3 32 16 8 4 2 1 0

SNR -2.000
63 62 61 60 59 58 57 56 55 54 53 52 51 50 49 47 46 45 44 43 42 41 39 38 37 35 31 30 29 28 27 26 25 23 22 21 19 15 14 13 11 7 36 40 48 20 24 18 12 34 17 10 9 33 6 5 3 32 16 8 4 2 1 0

SNR -1.500
63 62 61 60 59 58 57 56 55 54 53 52 51 50 49 47 46 45 44 43 42 41 39 38 37 35 31 30 29 28 27 26 25 23 22 21 19 15 14 13 11 7 48 40 36 20 33 24 18 17 10 12 9 34 6 5 3 32 16 8 4 2 1 0

SNR -1.000
63 62 61 60 59 58 57 56 55 54 53 52 51 50 49 47 46 45 44 43 42 41 39 38 37 35 31 30 29 28 27 26 25 23 22 21 19 15 14 13 11 7 48 36 40 24 18 33 20 12 10 6 17 9 34 3 5 32 16 8 4 2 1 0

SNR -0.500
63 62 61 60 59 58 57 56 55 54 53 52 51 50 49 48 47 46 45 44 43 42 41 39 38 37 35 31 30 29 28 27 26 25 23 22 21 19 15 14 13 11 7 24 40 36 18 34 17 20 33 12 10 9 5 3 6 32 16 8 4 2 1 0

SNR 0.000
63 62 61 60 59 58 57 56 55 54 53 52 51 50 49 48 47 46 45 44 43 42 41 40 39 38 37 36 35 33 31 30 29 28 27 26 25 24 23 22 21 19 15 14 13 11 7 20 34 12 9 6 17 10 5 18 3 16 32 4 8 2 1 0

SNR 0.500
63 62 61 60 59 58 57 56 55 54 53 52 51 50 49 48 47 46 45 44 43 42 41 40 39 38 37 36 35 34 33 31 30 29 28 27 26 25 24 23 22 21 20 19 18 17 15 14 13 12 11 10 9 7 6 5 3 32 8 16 4 2 1 0

SNR 1.000
63 62 61 60 59 58 57 56 55 54 53 52 51 50 49 48 47 46 45 44 43 42 41 40 39 38 37 36 35 34 33 31 30 29 28 27 26 25 24 23 22 21 20 19 18 17 15 14 13 12 11 10 9 7 6 5 3 32 16 1 2 4 8 0

SNR 1.500
63 62 61 60 59 58 57 56 55 54 53 52 51 50 49 48 47 46 45 44 43 42 41 40 39 38 37 36 35 34 33 31 30 29 28 27 26 25 24 23 22 21 20 19 18 17 15 14 13 12 11 10 9 7 6 5 3 32 16 8 4 2 1 0

SNR 2.000
63 62 61 60 59 58 57 56 55 54 53 52 51 50 49 48 47 46 45 44 43 42 41 40 39 38 37 36 35 34 33 31 30 29 28 27 26 25 24 23 22 21 20 19 18 17 15 14 13 12 11 10 9 7 6 5 3 32 8 4 16 1 2 0

SNR 2.500
63 62 61 60 59 58 57 56 55 54 53 52 51 50 49 48 47 46 45 44 43 42 41 40 39 38 37 36 35 34 33 31 30 29 28 27 26 25 24 23 22 21 20 19 18 17 15 14 13 12 11 10 9 7 6 5 3 32 8 16 4 2 1 0

SNR 3.000
63 62 61 60 59 58 57 56 55 54 53 52 51 50 49 48 47 46 45 44 43 42 41 40 39 38 37 36 35 34 33 32 31 30 29 28 27 26 25 24 23 22 21 20 19 18 17 15 14 13 12 11 10 9 7 6 5 3 4 16 8 2 1 0

SNR 3.500
63 62 61 60 59 58 57 56 55 54 53 52 51 50 49 48 47 46 45 44 43 42 41 40 39 38 37 36 35 34 33 32 31 30 29 28 27 26 25 24 23 22 21 20 19 18 17 16 15 14 13 12 11 10 9 8 7 6 5 4 3 2 1 0

SNR 4.000
63 62 61 60 59 58 57 56 55 54 53 52 51 50 49 48 47 46 45 44 43 42 41 40 39 38 37 36 35 34 33 32 31 30 29 28 27 26 25 24 23 22 21 20 19 18 17 16 15 14 13 12 11 10 9 8 7 6 5 4 3 2 1 0

SNR 4.500
63 62 61 60 59 58 57 56 55 54 53 52 51 50 49 48 47 46 45 44 43 42 41 40 39 38 37 36 35 34 33 32 31 30 29 28 27 26 25 24 23 22 21 20 19 18 17 16 15 14 13 12 11 10 9 8 7 6 5 4 3 2 1 0

SNR 5.000
63 62 61 60 59 58 57 56 55 54 53 52 51 50 49 48 47 46 45 44 43 42 41 40 39 38 37 36 35 34 33 32 31 30 29 28 27 26 25 24 23 22 21 20 19 18 17 16 15 14 13 12 11 10 9 8 7 6 5 4 3 2 1 0

SNR 5.500
63 62 61 60 59 58 57 56 55 54 53 52 51 50 49 48 47 46 45 44 43 42 41 40 39 38 37 36 35 34 33 32 31 30 29 28 27 26 25 24 23 22 21 20 19 18 17 16 15 14 13 12 11 10 9 8 7 6 5 4 3 2 1 0

