SNR -7.000
255 254 253 252 251 250 249 248 247 246 245 244 243 242 241 239 238 237 236 235 234 233 231 230 229 227 223 222 221 220 219 218 217 215 214 213 211 207 206 205 203 199 191 190 189 188 187 186 185 183 182 181 179 175 174 173 171 167 159 158 155 127 126 125 124 123 122 119 111 95 121 118 117 157 115 151 240 63 226 109 232 225 228 216 184 202 110 209 180 210 201 212 143 107 198 204 178 170 103 177 172 94 197 93 195 165 169 91 166 156 163 120 153 224 116 114 149 150 87 154 62 108 106 113 200 208 147 61 105 142 196 176 194 102 92 168 59 141 79 101 193 164 90 139 162 152 89 99 55 86 161 112 148 85 60 135 104 146 47 58 78 83 140 145 100 192 31 57 77 138 88 54 98 75 137 53 160 97 71 84 51 46 134 45 43 133 82 39 30 29 27 131 23 144 81 15 76 56 74 73 52 70 136 69 96 50 67 49 44 42 41 132 38 37 35 26 28 25 22 21 130 19 14 13 129 11 80 7 72 68 66 65 48 40 36 34 24 20 33 18 12 10 17 9 6 128 5 3 64 32 16 8 4 2 1 0

SNR -6.500
255 254 253 252 251 250 249 248 247 246 245 244 243 242 241 240 239 238 237 236 235 234 233 232 231 230 229 227 223 222 221 220 219 218 217 215 214 213 211 207 206 205 203 199 191 190 189 188 187 186 185 183 182 181 179 175 174 173 171 167 159 158 157 155 151 127 126 125 124 123 122 121 119 118 117 115 111 110 109 95 63 143 107 210 228 225 216 226 212 184 93 103 94 209 198 202 204 180 91 201 172 197 170 177 165 169 87 166 178 120 163 114 156 153 150 195 154 113 149 116 106 108 147 208 102 62 224 142 61 105 200 79 141 59 196 101 176 92 168 194 90 139 89 193 99 164 162 55 86 152 161 85 148 135 112 60 146 104 47 83 78 58 140 145 100 77 57 138 54 88 98 31 192 75 137 53 97 84 134 160 71 46 51 82 133 45 144 76 56 81 43 30 131 39 29 27 74 23 15 52 136 73 96 70 50 69 49 67 44 132 42 41 80 130 38 37 35 28 129 26 25 22 21 19 14 13 11 7 72 68 66 48 65 40 36 34 33 128 20 24 18 12 17 10 9 6 5 3 64 32 16 8 4 2 1 0

SNR -6.000
255 254 253 252 251 250 249 248 247 246 245 244 243 242 241 240 239 238 237 236 235 234 233 232 231 230 229 228 227 226 225 223 222 221 220 219 218 217 216 215 214 213 212 211 210 207 206 205 204 203 202 199 191 190 189 188 187 186 185 183 182 181 179 178 175 174 173 171 167 159 158 157 155 151 143 127 126 125 124 123 122 121 119 118 117 115 111 110 109 107 103 95 94 93 63 91 209 87 198 184 172 177 180 170 197 195 169 156 201 166 120 154 62 116 79 150 61 163 165 149 153 114 106 113 59 108 105 224 102 208 142 200 141 101 55 196 147 92 89 194 176 193 168 86 90 99 139 164 85 162 152 135 148 83 47 60 161 78 112 58 146 77 104 145 140 57 100 54 138 75 98 88 31 53 137 97 84 192 134 71 46 51 82 160 133 45 76 81 56 144 43 131 30 74 52 39 29 73 136 96 27 70 50 23 15 69 44 49 132 67 80 42 41 130 38 28 129 37 35 72 26 25 21 22 19 14 13 11 7 68 48 66 65 40 36 128 34 33 24 20 18 12 17 10 9 6 5 3 64 32 16 8 4 2 1 0

SNR -5.500
255 254 253 252 251 250 249 248 247 246 245 244 243 242 241 240 239 238 237 236 235 234 233 232 231 230 229 228 227 226 225 223 222 221 220 219 218 217 216 215 214 213 212 211 210 209 207 206 205 204 203 202 201 199 198 197 195 191 190 189 188 187 186 185 184 183 182 181 180 179 178 177 175 174 173 172 171 170 169 167 166 159 158 157 155 151 143 127 126 125 124 123 122 121 119 118 117 115 111 110 109 107 103 95 94 93 91 87 63 62 61 165 163 79 154 156 59 116 153 114 108 149 113 120 142 102 150 106 141 147 105 55 99 139 224 92 89 47 135 85 90 196 194 176 200 101 164 86 168 193 208 83 77 152 60 78 162 148 161 57 54 58 75 112 146 145 104 53 140 100 31 138 88 98 137 51 71 84 46 97 134 45 82 192 133 81 76 160 56 43 74 131 30 52 144 73 29 39 50 70 136 96 27 44 49 69 132 23 80 42 67 15 130 41 28 38 72 129 37 26 35 25 68 48 22 21 19 14 13 11 66 7 65 40 128 36 34 33 24 20 18 17 12 10 9 6 5 64 3 32 16 8 4 2 1 0

SNR -5.000
255 254 253 252 251 250 249 248 247 246 245 244 243 242 241 240 239 238 237 236 235 234 233 232 231 230 229 228 227 226 225 223 222 221 220 219 218 217 216 215 214 213 212 211 210 209 207 206 205 204 203 202 201 199 198 197 195 191 190 189 188 187 186 185 184 183 182 181 180 179 178 177 175 174 173 172 171 170 169 167 166 165 163 159 158 157 156 155 154 153 151 150 143 127 126 125 124 123 122 121 120 119 118 117 116 115 114 111 110 109 107 106 103 95 94 93 91 87 79 63 62 61 59 55 102 47 108 113 105 147 149 141 142 92 90 101 89 99 86 85 139 135 224 60 208 78 196 194 83 57 58 168 193 200 77 176 152 75 54 146 162 53 31 145 100 161 164 140 148 51 46 112 104 71 98 88 137 138 84 45 97 134 82 133 43 76 81 74 192 56 30 131 52 160 73 39 29 144 50 70 27 44 69 49 136 96 42 132 23 80 67 41 130 38 28 15 72 37 129 26 68 48 35 25 22 66 21 19 40 14 65 13 11 7 36 128 34 24 33 20 18 17 64 12 10 9 6 5 3 32 16 8 4 2 1 0

SNR -4.500
255 254 253 252 251 250 249 248 247 246 245 244 243 242 241 240 239 238 237 236 235 234 233 232 231 230 229 228 227 226 225 223 222 221 220 219 218 217 216 215 214 213 212 211 210 209 207 206 205 204 203 202 201 199 198 197 195 191 190 189 188 187 186 185 184 183 182 181 180 179 178 177 175 174 173 172 171 170 169 167 166 165 163 159 158 157 156 155 154 153 151 150 149 147 143 142 127 126 125 124 123 122 121 120 119 118 117 116 115 114 113 111 110 109 108 107 106 105 103 102 95 94 93 92 91 90 87 79 63 62 61 59 55 47 86 139 141 85 101 135 89 78 99 83 224 60 77 176 208 200 31 196 75 57 168 164 193 58 162 54 46 71 152 194 148 53 51 146 161 112 104 140 98 145 45 138 137 43 100 134 88 76 133 84 82 81 97 74 56 39 29 131 30 192 52 73 70 50 160 27 69 44 144 49 136 42 23 96 67 41 132 80 38 28 130 15 72 37 26 129 68 48 25 35 22 66 40 21 65 14 19 36 13 11 128 7 24 34 33 20 18 64 17 12 10 9 6 5 3 32 16 8 4 2 1 0

SNR -4.000
255 254 253 252 251 250 249 248 247 246 245 244 243 242 241 240 239 238 237 236 235 234 233 232 231 230 229 228 227 226 225 223 222 221 220 219 218 217 216 215 214 213 212 211 210 209 207 206 205 204 203 202 201 199 198 197 195 191 190 189 188 187 186 185 184 183 182 181 180 179 178 177 175 174 173 172 171 170 169 167 166 165 163 159 158 157 156 155 154 153 151 150 149 147 143 142 141 139 135 127 126 125 124 123 122 121 120 119 118 117 116 115 114 113 111 110 109 108 107 106 105 103 102 101 99 95 94 93 92 91 90 89 87 86 85 83 79 77 63 62 61 60 59 57 55 47 31 75 58 78 71 54 208 224 53 51 200 46 45 176 196 152 168 194 43 193 146 161 112 84 138 97 148 140 145 162 98 137 88 39 100 104 82 164 133 76 30 29 134 81 73 74 27 52 131 56 69 70 44 23 50 49 42 192 160 67 41 144 136 38 96 28 37 132 80 15 26 130 72 35 25 129 68 22 48 21 66 40 65 14 19 36 13 24 34 11 128 33 7 20 18 64 17 12 10 9 6 32 5 3 16 8 4 2 1 0

SNR -3.500
255 254 253 252 251 250 249 248 247 246 245 244 243 242 241 240 239 238 237 236 235 234 233 232 231 230 229 228 227 226 225 223 222 221 220 219 218 217 216 215 214 213 212 211 210 209 207 206 205 204 203 202 201 199 198 197 195 191 190 189 188 187 186 185 184 183 182 181 180 179 178 177 175 174 173 172 171 170 169 167 166 165 163 159 158 157 156 155 154 153 151 150 149 147 143 142 141 139 135 127 126 125 124 123 122 121 120 119 118 117 116 115 114 113 111 110 109 108 107 106 105 103 102 101 99 95 94 93 92 91 90 89 87 86 85 83 79 78 77 75 71 63 62 61 60 59 58 57 55 54 51 47 46 45 43 31 224 176 53 196 208 164 168 194 39 200 152 30 161 112 193 148 146 29 162 104 98 100 140 138 27 145 88 84 23 134 76 97 133 137 52 74 82 73 50 131 70 56 44 81 69 49 67 192 38 41 160 28 42 15 37 144 136 26 96 35 25 132 80 130 22 72 21 129 68 48 66 40 19 14 65 36 13 34 24 11 33 20 128 7 18 17 64 12 10 9 32 6 5 3 16 8 4 2 1 0

SNR -3.000
255 254 253 252 251 250 249 248 247 246 245 244 243 242 241 240 239 238 237 236 235 234 233 232 231 230 229 228 227 226 225 224 223 222 221 220 219 218 217 216 215 214 213 212 211 210 209 208 207 206 205 204 203 202 201 200 199 198 197 196 195 194 193 191 190 189 188 187 186 185 184 183 182 181 180 179 178 177 176 175 174 173 172 171 170 169 168 167 166 165 164 163 159 158 157 156 155 154 153 151 150 149 147 143 142 141 139 135 127 126 125 124 123 122 121 120 119 118 117 116 115 114 113 111 110 109 108 107 106 105 103 102 101 99 95 94 93 92 91 90 89 87 86 85 83 79 78 77 75 71 63 62 61 60 59 58 57 55 54 53 51 47 46 45 43 39 31 30 29 27 104 148 23 145 146 161 112 152 162 97 140 84 100 82 98 137 88 133 138 73 81 134 52 76 131 56 15 50 67 44 49 69 38 70 41 74 37 26 42 28 192 160 25 144 35 96 21 136 132 22 72 80 130 19 68 129 48 14 13 40 66 65 36 11 34 24 33 20 7 18 128 12 17 64 10 9 32 6 5 3 16 8 4 2 1 0

SNR -2.500
255 254 253 252 251 250 249 248 247 246 245 244 243 242 241 240 239 238 237 236 235 234 233 232 231 230 229 228 227 226 225 224 223 222 221 220 219 218 217 216 215 214 213 212 211 210 209 208 207 206 205 204 203 202 201 200 199 198 197 196 195 194 193 191 190 189 188 187 186 185 184 183 182 181 180 179 178 177 176 175 174 173 172 171 170 169 168 167 166 165 164 163 162 161 159 158 157 156 155 154 153 152 151 150 149 148 147 146 145 143 142 141 140 139 138 137 135 127 126 125 124 123 122 121 120 119 118 117 116 115 114 113 112 111 110 109 108 107 106 105 103 102 101 100 99 97 95 94 93 92 91 90 89 88 87 86 85 83 82 79 78 77 75 71 63 62 61 60 59 58 57 55 54 53 51 47 46 45 43 39 31 30 29 27 23 104 134 81 84 98 74 56 15 131 73 76 70 52 133 44 49 50 42 67 38 69 28 41 37 26 35 22 25 160 21 192 144 14 96 136 13 19 130 72 80 132 129 40 66 48 68 11 36 65 24 34 33 20 7 18 17 12 128 10 64 9 6 32 5 16 3 8 4 2 1 0

SNR -2.000
255 254 253 252 251 250 249 248 247 246 245 244 243 242 241 240 239 238 237 236 235 234 233 232 231 230 229 228 227 226 225 224 223 222 221 220 219 218 217 216 215 214 213 212 211 210 209 208 207 206 205 204 203 202 201 200 199 198 197 196 195 194 193 191 190 189 188 187 186 185 184 183 182 181 180 179 178 177 176 175 174 173 172 171 170 169 168 167 166 165 164 163 162 161 159 158 157 156 155 154 153 152 151 150 149 148 147 146 145 143 142 141 140 139 138 137 135 134 131 127 126 125 124 123 122 121 120 119 118 117 116 115 114 113 112 111 110 109 108 107 106 105 104 103 102 101 100 99 98 97 95 94 93 92 91 90 89 88 87 86 85 84 83 82 81 79 78 77 76 75 74 73 71 63 62 61 60 59 58 57 56 55 54 53 52 51 50 49 47 46 45 44 43 39 31 30 29 27 23 15 69 133 70 41 42 38 67 37 26 35 28 21 25 22 14 19 144 13 160 192 80 11 96 72 129 48 7 66 130 136 68 40 65 36 132 34 24 20 33 18 17 12 10 9 128 6 64 5 32 16 3 8 4 2 1 0

SNR -1.500
255 254 253 252 251 250 249 248 247 246 245 244 243 242 241 240 239 238 237 236 235 234 233 232 231 230 229 228 227 226 225 224 223 222 221 220 219 218 217 216 215 214 213 212 211 210 209 208 207 206 205 204 203 202 201 200 199 198 197 196 195 194 193 191 190 189 188 187 186 185 184 183 182 181 180 179 178 177 176 175 174 173 172 171 170 169 168 167 166 165 164 163 162 161 159 158 157 156 155 154 153 152 151 150 149 148 147 146 145 143 142 141 140 139 138 137 135 134 133 131 127 126 125 124 123 122 121 120 119 118 117 116 115 114 113 112 111 110 109 108 107 106 105 104 103 102 101 100 99 98 97 95 94 93 92 91 90 89 88 87 86 85 84 83 82 81 79 78 77 76 75 74 73 71 70 69 67 63 62 61 60 59 58 57 56 55 54 53 52 51 50 49 47 46 45 44 43 41 39 38 37 35 31 30 29 27 25 23 15 42 21 22 26 28 19 14 13 11 192 160 144 80 7 132 96 130 72 68 40 66 34 65 129 48 36 136 24 20 33 17 18 10 12 9 6 5 128 64 32 3 16 8 4 2 1 0

SNR -1.000
255 254 253 252 251 250 249 248 247 246 245 244 243 242 241 240 239 238 237 236 235 234 233 232 231 230 229 228 227 226 225 224 223 222 221 220 219 218 217 216 215 214 213 212 211 210 209 208 207 206 205 204 203 202 201 200 199 198 197 196 195 194 193 191 190 189 188 187 186 185 184 183 182 181 180 179 178 177 176 175 174 173 172 171 170 169 168 167 166 165 164 163 162 161 159 158 157 156 155 154 153 152 151 150 149 148 147 146 145 143 142 141 140 139 138 137 135 134 133 131 127 126 125 124 123 122 121 120 119 118 117 116 115 114 113 112 111 110 109 108 107 106 105 104 103 102 101 100 99 98 97 95 94 93 92 91 90 89 88 87 86 85 84 83 82 81 79 78 77 76 75 74 73 71 70 69 67 63 62 61 60 59 58 57 56 55 54 53 52 51 50 49 47 46 45 44 43 42 41 39 38 37 35 31 30 29 28 27 26 25 23 22 21 19 15 14 13 11 192 7 144 160 96 72 132 80 130 129 48 40 65 34 24 66 68 36 136 18 17 12 20 33 10 9 6 5 3 128 64 32 16 8 4 2 1 0

SNR -0.500
255 254 253 252 251 250 249 248 247 246 245 244 243 242 241 240 239 238 237 236 235 234 233 232 231 230 229 228 227 226 225 224 223 222 221 220 219 218 217 216 215 214 213 212 211 210 209 208 207 206 205 204 203 202 201 200 199 198 197 196 195 194 193 192 191 190 189 188 187 186 185 184 183 182 181 180 179 178 177 176 175 174 173 172 171 170 169 168 167 166 165 164 163 162 161 159 158 157 156 155 154 153 152 151 150 149 148 147 146 145 143 142 141 140 139 138 137 135 134 133 131 127 126 125 124 123 122 121 120 119 118 117 116 115 114 113 112 111 110 109 108 107 106 105 104 103 102 101 100 99 98 97 95 94 93 92 91 90 89 88 87 86 85 84 83 82 81 79 78 77 76 75 74 73 71 70 69 67 63 62 61 60 59 58 57 56 55 54 53 52 51 50 49 47 46 45 44 43 42 41 39 38 37 35 31 30 29 28 27 26 25 23 22 21 19 15 14 13 11 7 96 160 144 72 136 129 68 80 132 48 66 130 40 36 20 33 34 65 18 17 12 9 10 24 5 3 6 128 64 32 16 8 4 2 1 0

SNR 0.000
255 254 253 252 251 250 249 248 247 246 245 244 243 242 241 240 239 238 237 236 235 234 233 232 231 230 229 228 227 226 225 224 223 222 221 220 219 218 217 216 215 214 213 212 211 210 209 208 207 206 205 204 203 202 201 200 199 198 197 196 195 194 193 192 191 190 189 188 187 186 185 184 183 182 181 180 179 178 177 176 175 174 173 172 171 170 169 168 167 166 165 164 163 162 161 160 159 158 157 156 155 154 153 152 151 150 149 148 147 146 145 144 143 142 141 140 139 138 137 135 134 133 132 131 127 126 125 124 123 122 121 120 119 118 117 116 115 114 113 112 111 110 109 108 107 106 105 104 103 102 101 100 99 98 97 96 95 94 93 92 91 90 89 88 87 86 85 84 83 82 81 79 78 77 76 75 74 73 71 70 69 67 63 62 61 60 59 58 57 56 55 54 53 52 51 50 49 47 46 45 44 43 42 41 39 38 37 35 31 30 29 28 27 26 25 23 22 21 19 15 14 13 11 7 80 129 136 66 48 130 36 24 68 40 65 34 20 18 72 12 33 17 6 10 9 5 3 64 128 16 32 8 4 2 1 0

SNR 0.500
255 254 253 252 251 250 249 248 247 246 245 244 243 242 241 240 239 238 237 236 235 234 233 232 231 230 229 228 227 226 225 224 223 222 221 220 219 218 217 216 215 214 213 212 211 210 209 208 207 206 205 204 203 202 201 200 199 198 197 196 195 194 193 192 191 190 189 188 187 186 185 184 183 182 181 180 179 178 177 176 175 174 173 172 171 170 169 168 167 166 165 164 163 162 161 160 159 158 157 156 155 154 153 152 151 150 149 148 147 146 145 144 143 142 141 140 139 138 137 136 135 134 133 132 131 130 129 127 126 125 124 123 122 121 120 119 118 117 116 115 114 113 112 111 110 109 108 107 106 105 104 103 102 101 100 99 98 97 96 95 94 93 92 91 90 89 88 87 86 85 84 83 82 81 80 79 78 77 76 75 74 73 72 71 70 69 68 67 66 65 63 62 61 60 59 58 57 56 55 54 53 52 51 50 49 48 47 46 45 44 43 42 41 40 39 38 37 36 35 34 31 30 29 28 27 26 25 23 22 21 19 15 14 13 11 7 24 20 33 10 17 18 12 9 6 5 3 128 32 64 16 8 4 2 1 0

SNR 1.000
255 254 253 252 251 250 249 248 247 246 245 244 243 242 241 240 239 238 237 236 235 234 233 232 231 230 229 228 227 226 225 224 223 222 221 220 219 218 217 216 215 214 213 212 211 210 209 208 207 206 205 204 203 202 201 200 199 198 197 196 195 194 193 192 191 190 189 188 187 186 185 184 183 182 181 180 179 178 177 176 175 174 173 172 171 170 169 168 167 166 165 164 163 162 161 160 159 158 157 156 155 154 153 152 151 150 149 148 147 146 145 144 143 142 141 140 139 138 137 136 135 134 133 132 131 130 129 127 126 125 124 123 122 121 120 119 118 117 116 115 114 113 112 111 110 109 108 107 106 105 104 103 102 101 100 99 98 97 96 95 94 93 92 91 90 89 88 87 86 85 84 83 82 81 80 79 78 77 76 75 74 73 72 71 70 69 68 67 66 65 63 62 61 60 59 58 57 56 55 54 53 52 51 50 49 48 47 46 45 44 43 42 41 40 39 38 37 36 35 34 33 31 30 29 28 27 26 25 24 23 22 21 20 19 18 17 15 14 13 11 10 9 7 6 3 5 12 128 64 4 8 16 32 2 1 0

SNR 1.500
255 254 253 252 251 250 249 248 247 246 245 244 243 242 241 240 239 238 237 236 235 234 233 232 231 230 229 228 227 226 225 224 223 222 221 220 219 218 217 216 215 214 213 212 211 210 209 208 207 206 205 204 203 202 201 200 199 198 197 196 195 194 193 192 191 190 189 188 187 186 185 184 183 182 181 180 179 178 177 176 175 174 173 172 171 170 169 168 167 166 165 164 163 162 161 160 159 158 157 156 155 154 153 152 151 150 149 148 147 146 145 144 143 142 141 140 139 138 137 136 135 134 133 132 131 130 129 127 126 125 124 123 122 121 120 119 118 117 116 115 114 113 112 111 110 109 108 107 106 105 104 103 102 101 100 99 98 97 96 95 94 93 92 91 90 89 88 87 86 85 84 83 82 81 80 79 78 77 76 75 74 73 72 71 70 69 68 67 66 65 63 62 61 60 59 58 57 56 55 54 53 52 51 50 49 48 47 46 45 44 43 42 41 40 39 38 37 36 35 34 33 31 30 29 28 27 26 25 24 23 22 21 20 19 18 17 15 14 13 12 11 10 9 7 6 5 3 128 64 32 16 8 4 1 2 0

SNR 2.000
255 254 253 252 251 250 249 248 247 246 245 244 243 242 241 240 239 238 237 236 235 234 233 232 231 230 229 228 227 226 225 224 223 222 221 220 219 218 217 216 215 214 213 212 211 210 209 208 207 206 205 204 203 202 201 200 199 198 197 196 195 194 193 192 191 190 189 188 187 186 185 184 183 182 181 180 179 178 177 176 175 174 173 172 171 170 169 168 167 166 165 164 163 162 161 160 159 158 157 156 155 154 153 152 151 150 149 148 147 146 145 144 143 142 141 140 139 138 137 136 135 134 133 132 131 130 129 127 126 125 124 123 122 121 120 119 118 117 116 115 114 113 112 111 110 109 108 107 106 105 104 103 102 101 100 99 98 97 96 95 94 93 92 91 90 89 88 87 86 85 84 83 82 81 80 79 78 77 76 75 74 73 72 71 70 69 68 67 66 65 63 62 61 60 59 58 57 56 55 54 53 52 51 50 49 48 47 46 45 44 43 42 41 40 39 38 37 36 35 34 33 31 30 29 28 27 26 25 24 23 22 21 20 19 18 17 15 14 13 12 11 10 9 7 6 5 3 128 32 16 64 4 1 2 8 0

SNR 2.500
255 254 253 252 251 250 249 248 247 246 245 244 243 242 241 240 239 238 237 236 235 234 233 232 231 230 229 228 227 226 225 224 223 222 221 220 219 218 217 216 215 214 213 212 211 210 209 208 207 206 205 204 203 202 201 200 199 198 197 196 195 194 193 192 191 190 189 188 187 186 185 184 183 182 181 180 179 178 177 176 175 174 173 172 171 170 169 168 167 166 165 164 163 162 161 160 159 158 157 156 155 154 153 152 151 150 149 148 147 146 145 144 143 142 141 140 139 138 137 136 135 134 133 132 131 130 129 127 126 125 124 123 122 121 120 119 118 117 116 115 114 113 112 111 110 109 108 107 106 105 104 103 102 101 100 99 98 97 96 95 94 93 92 91 90 89 88 87 86 85 84 83 82 81 80 79 78 77 76 75 74 73 72 71 70 69 68 67 66 65 63 62 61 60 59 58 57 56 55 54 53 52 51 50 49 48 47 46 45 44 43 42 41 40 39 38 37 36 35 34 33 31 30 29 28 27 26 25 24 23 22 21 20 19 18 17 15 14 13 12 11 10 9 7 6 5 3 128 32 64 16 8 4 2 1 0

SNR 3.000
255 254 253 252 251 250 249 248 247 246 245 244 243 242 241 240 239 238 237 236 235 234 233 232 231 230 229 228 227 226 225 224 223 222 221 220 219 218 217 216 215 214 213 212 211 210 209 208 207 206 205 204 203 202 201 200 199 198 197 196 195 194 193 192 191 190 189 188 187 186 185 184 183 182 181 180 179 178 177 176 175 174 173 172 171 170 169 168 167 166 165 164 163 162 161 160 159 158 157 156 155 154 153 152 151 150 149 148 147 146 145 144 143 142 141 140 139 138 137 136 135 134 133 132 131 130 129 128 127 126 125 124 123 122 121 120 119 118 117 116 115 114 113 112 111 110 109 108 107 106 105 104 103 102 101 100 99 98 97 96 95 94 93 92 91 90 89 88 87 86 85 84 83 82 81 80 79 78 77 76 75 74 73 72 71 70 69 68 67 66 65 63 62 61 60 59 58 57 56 55 54 53 52 51 50 49 48 47 46 45 44 43 42 41 40 39 38 37 36 35 34 33 31 30 29 28 27 26 25 24 23 22 21 20 19 18 17 15 14 13 12 11 10 9 7 6 5 3 16 64 32 8 2 1 4 0

SNR 3.500
255 254 253 252 251 250 249 248 247 246 245 244 243 242 241 240 239 238 237 236 235 234 233 232 231 230 229 228 227 226 225 224 223 222 221 220 219 218 217 216 215 214 213 212 211 210 209 208 207 206 205 204 203 202 201 200 199 198 197 196 195 194 193 192 191 190 189 188 187 186 185 184 183 182 181 180 179 178 177 176 175 174 173 172 171 170 169 168 167 166 165 164 163 162 161 160 159 158 157 156 155 154 153 152 151 150 149 148 147 146 145 144 143 142 141 140 139 138 137 136 135 134 133 132 131 130 129 128 127 126 125 124 123 122 121 120 119 118 117 116 115 114 113 112 111 110 109 108 107 106 105 104 103 102 101 100 99 98 97 96 95 94 93 92 91 90 89 88 87 86 85 84 83 82 81 80 79 78 77 76 75 74 73 72 71 70 69 68 67 66 65 64 63 62 61 60 59 58 57 56 55 54 53 52 51 50 49 48 47 46 45 44 43 42 41 40 39 38 37 36 35 34 33 32 31 30 29 28 27 26 25 24 23 22 21 20 19 18 17 16 15 14 13 12 11 10 9 8 7 6 5 4 3 1 2 0

SNR 4.000
255 254 253 252 251 250 249 248 247 246 245 244 243 242 241 240 239 238 237 236 235 234 233 232 231 230 229 228 227 226 225 224 223 222 221 220 219 218 217 216 215 214 213 212 211 210 209 208 207 206 205 204 203 202 201 200 199 198 197 196 195 194 193 192 191 190 189 188 187 186 185 184 183 182 181 180 179 178 177 176 175 174 173 172 171 170 169 168 167 166 165 164 163 162 161 160 159 158 157 156 155 154 153 152 151 150 149 148 147 146 145 144 143 142 141 140 139 138 137 136 135 134 133 132 131 130 129 128 127 126 125 124 123 122 121 120 119 118 117 116 115 114 113 112 111 110 109 108 107 106 105 104 103 102 101 100 99 98 97 96 95 94 93 92 91 90 89 88 87 86 85 84 83 82 81 80 79 78 77 76 75 74 73 72 71 70 69 68 67 66 65 64 63 62 61 60 59 58 57 56 55 54 53 52 51 50 49 48 47 46 45 44 43 42 41 40 39 38 37 36 35 34 33 32 31 30 29 28 27 26 25 24 23 22 21 20 19 18 17 16 15 14 13 12 11 10 9 8 7 6 5 4 3 2 1 0

SNR 4.500
255 254 253 252 251 250 249 248 247 246 245 244 243 242 241 240 239 238 237 236 235 234 233 232 231 230 229 228 227 226 225 224 223 222 221 220 219 218 217 216 215 214 213 212 211 210 209 208 207 206 205 204 203 202 201 200 199 198 197 196 195 194 193 192 191 190 189 188 187 186 185 184 183 182 181 180 179 178 177 176 175 174 173 172 171 170 169 168 167 166 165 164 163 162 161 160 159 158 157 156 155 154 153 152 151 150 149 148 147 146 145 144 143 142 141 140 139 138 137 136 135 134 133 132 131 130 129 128 127 126 125 124 123 122 121 120 119 118 117 116 115 114 113 112 111 110 109 108 107 106 105 104 103 102 101 100 99 98 97 96 95 94 93 92 91 90 89 88 87 86 85 84 83 82 81 80 79 78 77 76 75 74 73 72 71 70 69 68 67 66 65 64 63 62 61 60 59 58 57 56 55 54 53 52 51 50 49 48 47 46 45 44 43 42 41 40 39 38 37 36 35 34 33 32 31 30 29 28 27 26 25 24 23 22 21 20 19 18 17 16 15 14 13 12 11 10 9 8 7 6 5 4 3 2 1 0

SNR 5.000
255 254 253 252 251 250 249 248 247 246 245 244 243 242 241 240 239 238 237 236 235 234 233 232 231 230 229 228 227 226 225 224 223 222 221 220 219 218 217 216 215 214 213 212 211 210 209 208 207 206 205 204 203 202 201 200 199 198 197 196 195 194 193 192 191 190 189 188 187 186 185 184 183 182 181 180 179 178 177 176 175 174 173 172 171 170 169 168 167 166 165 164 163 162 161 160 159 158 157 156 155 154 153 152 151 150 149 148 147 146 145 144 143 142 141 140 139 138 137 136 135 134 133 132 131 130 129 128 127 126 125 124 123 122 121 120 119 118 117 116 115 114 113 112 111 110 109 108 107 106 105 104 103 102 101 100 99 98 97 96 95 94 93 92 91 90 89 88 87 86 85 84 83 82 81 80 79 78 77 76 75 74 73 72 71 70 69 68 67 66 65 64 63 62 61 60 59 58 57 56 55 54 53 52 51 50 49 48 47 46 45 44 43 42 41 40 39 38 37 36 35 34 33 32 31 30 29 28 27 26 25 24 23 22 21 20 19 18 17 16 15 14 13 12 11 10 9 8 7 6 5 4 3 2 1 0

SNR 5.500
255 254 253 252 251 250 249 248 247 246 245 244 243 242 241 240 239 238 237 236 235 234 233 232 231 230 229 228 227 226 225 224 223 222 221 220 219 218 217 216 215 214 213 212 211 210 209 208 207 206 205 204 203 202 201 200 199 198 197 196 195 194 193 192 191 190 189 188 187 186 185 184 183 182 181 180 179 178 177 176 175 174 173 172 171 170 169 168 167 166 165 164 163 162 161 160 159 158 157 156 155 154 153 152 151 150 149 148 147 146 145 144 143 142 141 140 139 138 137 136 135 134 133 132 131 130 129 128 127 126 125 124 123 122 121 120 119 118 117 116 115 114 113 112 111 110 109 108 107 106 105 104 103 102 101 100 99 98 97 96 95 94 93 92 91 90 89 88 87 86 85 84 83 82 81 80 79 78 77 76 75 74 73 72 71 70 69 68 67 66 65 64 63 62 61 60 59 58 57 56 55 54 53 52 51 50 49 48 47 46 45 44 43 42 41 40 39 38 37 36 35 34 33 32 31 30 29 28 27 26 25 24 23 22 21 20 19 18 17 16 15 14 13 12 11 10 9 8 7 6 5 4 3 2 1 0

