SNR -20.000
15 14 13 11 7 12 10 9 6 5 3 8 4 2 1 0

SNR -19.500
15 14 13 11 7 12 10 9 6 5 3 8 4 2 1 0

SNR -19.000
15 14 13 11 7 12 10 9 6 5 3 8 4 2 1 0

SNR -18.500
15 14 13 11 7 12 10 9 6 5 3 8 4 2 1 0

SNR -18.000
15 14 13 11 7 12 10 9 6 5 3 8 4 2 1 0

SNR -17.500
15 14 13 11 12 7 10 9 6 5 3 8 4 2 1 0

SNR -17.000
15 14 13 11 12 7 10 9 6 5 3 8 4 2 1 0

SNR -16.500
15 14 13 11 12 7 10 9 6 5 3 8 4 2 1 0

SNR -16.000
15 14 13 11 12 7 10 9 6 5 3 8 4 2 1 0

SNR -15.500
15 14 13 11 7 12 10 9 6 5 3 8 4 2 1 0

SNR -15.000
15 14 13 11 7 12 10 9 6 5 3 8 4 2 1 0

SNR -14.500
15 14 13 11 7 12 10 9 6 5 3 8 4 2 1 0

SNR -14.000
15 13 14 11 7 12 10 9 6 5 3 8 4 2 1 0

SNR -13.500
15 14 13 11 7 12 10 9 6 5 3 8 4 2 1 0

SNR -13.000
15 14 13 11 7 12 10 9 6 5 3 8 4 2 1 0

SNR -12.500
15 13 14 11 7 12 10 9 6 5 3 8 4 2 1 0

SNR -12.000
15 14 11 13 7 12 10 9 6 5 3 8 4 2 1 0

SNR -11.500
15 14 13 11 7 12 9 10 6 5 3 8 4 2 1 0

SNR -11.000
15 14 13 11 7 12 10 9 5 6 3 8 4 2 1 0

SNR -10.500
15 14 13 11 7 10 12 6 9 3 5 8 4 2 1 0

SNR -10.000
15 14 13 11 7 10 12 9 6 5 3 8 4 2 1 0

SNR -9.500
15 14 13 11 7 10 12 9 6 3 5 8 4 2 1 0

SNR -9.000
15 14 13 12 11 7 10 9 5 3 6 8 2 4 1 0

SNR -8.500
15 14 13 12 11 10 9 7 6 5 3 8 2 4 1 0

SNR -8.000
15 14 13 12 11 10 9 7 6 5 3 8 4 2 1 0

SNR -7.500
15 14 13 12 11 10 9 7 6 5 3 8 4 1 2 0

SNR -7.000
15 14 13 12 11 10 9 7 6 5 3 8 4 1 2 0

SNR -6.500
15 14 13 12 11 10 9 7 6 5 3 8 2 1 4 0

SNR -6.000
15 14 13 12 11 10 9 8 7 6 5 4 3 1 2 0

SNR -5.500
15 14 13 12 11 10 9 8 7 6 5 4 3 2 1 0

SNR -5.000
15 14 13 12 11 10 9 8 7 6 5 4 3 2 1 0

SNR -4.500
15 14 13 12 11 10 9 8 7 6 5 4 3 2 1 0

SNR -4.000
15 14 13 12 11 10 9 8 7 6 5 4 3 2 1 0

SNR -3.500
15 14 13 12 11 10 9 8 7 6 5 4 3 2 1 0

SNR -3.000
15 14 13 12 11 10 9 8 7 6 5 4 3 2 1 0

SNR -2.500
15 14 13 12 11 10 9 8 7 6 5 4 3 2 1 0

SNR -2.000
15 14 13 12 11 10 9 8 7 6 5 4 3 2 1 0

SNR -1.500
15 14 13 12 11 10 9 8 7 6 5 4 3 2 1 0

SNR -1.000
15 14 13 12 11 10 9 8 7 6 5 4 3 2 1 0

SNR -0.500
15 14 13 12 11 10 9 8 7 6 5 4 3 2 1 0

SNR 0.000
15 14 13 12 11 10 9 8 7 6 5 4 3 2 1 0

SNR 0.500
15 14 13 12 11 10 9 8 7 6 5 4 3 2 1 0

SNR 1.000
15 14 13 12 11 10 9 8 7 6 5 4 3 2 1 0

SNR 1.500
15 14 13 12 11 10 9 8 7 6 5 4 3 2 1 0

SNR 2.000
15 14 13 12 11 10 9 8 7 6 5 4 3 2 1 0

SNR 2.500
15 14 13 12 11 10 9 8 7 6 5 4 3 2 1 0

