SNR -20.000
3 2 1 0

SNR -19.500
3 2 1 0

SNR -19.000
3 2 1 0

SNR -18.500
3 2 1 0

SNR -18.000
3 2 1 0

SNR -17.500
3 2 1 0

SNR -17.000
3 2 1 0

SNR -16.500
3 2 1 0

SNR -16.000
3 2 1 0

SNR -15.500
3 2 1 0

SNR -15.000
3 2 1 0

SNR -14.500
3 2 1 0

SNR -14.000
3 2 1 0

SNR -13.500
3 2 1 0

SNR -13.000
3 2 1 0

SNR -12.500
3 2 1 0

SNR -12.000
3 2 1 0

SNR -11.500
3 2 1 0

SNR -11.000
3 2 1 0

SNR -10.500
3 2 1 0

SNR -10.000
3 2 1 0

SNR -9.500
3 2 1 0

SNR -9.000
3 2 1 0

SNR -8.500
3 2 1 0

SNR -8.000
3 2 1 0

SNR -7.500
3 2 1 0

SNR -7.000
3 2 1 0

SNR -6.500
3 2 1 0

SNR -6.000
3 2 1 0

SNR -5.500
3 2 1 0

SNR -5.000
3 2 1 0

SNR -4.500
3 2 1 0

SNR -4.000
3 2 1 0

SNR -3.500
3 2 1 0

SNR -3.000
3 2 1 0

SNR -2.500
3 2 1 0

SNR -2.000
3 2 1 0

SNR -1.500
3 2 1 0

SNR -1.000
3 2 1 0

SNR -0.500
3 2 1 0

SNR 0.000
3 2 1 0

SNR 0.500
3 2 1 0

SNR 1.000
3 2 1 0

SNR 1.500
3 2 1 0

SNR 2.000
3 2 1 0

SNR 2.500
3 2 1 0

