SNR -20.000
127 126 125 123 119 111 122 124 121 118 117 115 110 95 109 120 107 116 114 113 103 94 108 63 93 106 91 105 87 62 79 102 61 55 59 47 31 112 101 92 99 90 89 104 86 85 83 78 75 77 71 60 58 54 51 53 45 57 43 46 39 30 29 27 23 15 100 98 97 88 84 82 81 74 76 73 70 69 42 52 41 50 44 38 67 37 21 26 19 22 25 28 35 49 56 14 13 11 7 96 72 80 68 20 36 40 18 24 17 66 12 34 10 9 33 48 65 6 5 3 16 8 4 32 64 2 1 0

SNR -19.500
127 126 125 123 119 111 124 122 118 121 117 115 95 110 109 107 120 116 114 103 113 94 108 93 63 106 91 105 102 87 62 112 79 101 92 61 59 47 55 31 99 90 104 89 86 85 83 78 77 75 71 60 58 100 57 51 53 46 54 43 45 39 30 27 29 23 15 98 97 88 84 82 81 76 74 73 70 69 67 42 41 52 50 44 26 56 37 38 25 21 49 28 19 35 22 14 13 11 7 96 80 72 68 36 20 40 66 18 24 17 12 34 10 9 65 48 33 6 5 3 8 16 4 32 64 2 1 0

SNR -19.000
127 126 125 123 119 111 122 121 117 118 124 115 95 109 110 107 116 120 114 103 94 113 108 93 63 106 105 91 102 87 101 112 92 62 79 61 99 90 59 55 31 47 104 89 86 85 83 100 78 77 60 75 71 58 57 53 54 43 98 51 46 45 30 39 27 29 23 15 97 88 84 82 81 76 74 73 70 69 67 42 41 52 56 50 44 26 38 37 25 28 21 22 19 49 35 14 13 11 7 96 80 72 68 66 20 40 36 18 24 17 65 34 12 10 9 33 48 6 5 3 8 16 64 4 32 2 1 0

SNR -18.500
127 126 125 124 123 122 121 119 111 95 115 118 117 110 109 107 103 120 114 116 113 94 93 108 63 106 91 105 102 87 101 92 62 112 90 99 79 61 104 89 59 55 47 31 86 100 85 83 78 60 77 98 75 71 58 57 97 53 54 88 51 46 45 43 39 29 23 30 27 15 84 82 81 76 74 73 70 69 67 56 52 42 50 96 44 41 38 37 21 49 26 28 25 22 19 35 14 13 11 7 80 68 72 66 20 36 40 65 18 24 17 34 12 10 48 9 33 6 5 3 16 8 64 4 32 2 1 0

SNR -18.000
127 126 125 124 123 122 121 119 118 117 115 111 95 107 110 109 93 103 94 114 120 116 113 91 63 108 106 105 87 102 101 92 62 112 90 99 61 79 89 104 86 59 100 55 85 47 31 83 60 78 98 77 88 75 58 97 71 57 54 51 53 43 39 46 45 30 29 23 27 84 15 82 81 76 74 73 70 69 96 67 56 52 50 42 41 38 44 37 49 21 26 22 25 28 35 19 14 13 11 7 80 72 68 66 65 36 20 40 18 34 24 17 12 10 48 9 33 6 5 3 64 8 16 4 32 2 1 0

SNR -17.500
127 126 125 124 123 122 121 119 118 117 115 111 110 109 107 95 103 94 93 116 63 91 114 120 108 113 106 105 102 87 101 92 62 99 90 112 79 61 89 104 86 59 100 85 55 98 83 60 47 78 31 88 77 97 58 75 57 71 84 54 53 51 46 45 43 39 30 29 82 27 23 15 81 76 96 74 73 70 56 69 67 52 50 49 42 44 41 38 37 26 35 21 22 25 28 19 14 13 11 7 80 72 68 66 65 36 40 20 18 48 34 17 24 12 33 10 9 6 5 3 64 16 8 32 4 2 1 0

SNR -17.000
127 126 125 124 123 122 121 119 118 117 115 111 110 109 107 103 95 63 93 94 120 87 116 114 113 108 106 101 91 102 105 62 92 99 61 90 89 79 112 86 104 59 85 100 83 55 98 78 60 88 77 97 47 58 31 84 75 57 71 54 82 53 51 81 46 45 43 39 30 23 76 27 29 15 96 74 56 73 70 69 67 52 50 49 42 44 41 38 80 37 26 28 35 22 21 25 19 14 13 11 7 72 68 66 65 48 36 40 20 18 34 24 12 17 10 9 33 6 5 3 64 8 16 32 4 2 1 0

SNR -16.500
127 126 125 124 123 122 121 119 118 117 115 111 110 109 107 103 95 94 93 63 91 87 116 113 120 114 106 105 108 101 79 92 102 62 99 61 90 59 89 112 86 85 104 100 83 55 78 98 60 77 88 97 58 47 84 75 57 31 54 82 71 53 81 76 51 46 45 43 96 39 74 29 30 27 23 56 15 73 70 69 52 67 50 80 49 44 42 41 38 37 35 26 28 22 25 21 19 14 13 11 7 72 68 66 65 48 36 40 20 34 18 24 17 12 33 10 9 6 5 3 64 8 16 4 32 2 1 0

SNR -16.000
127 126 125 124 123 122 121 119 118 117 115 111 110 109 107 103 95 94 93 91 63 87 120 116 113 114 108 106 105 102 101 79 99 62 92 61 89 90 59 86 85 112 104 83 55 100 78 98 77 60 88 97 58 75 47 84 57 54 82 71 53 31 81 76 51 46 74 96 56 45 43 73 39 30 29 27 23 15 70 52 69 80 67 50 49 44 42 41 38 37 72 35 28 26 25 22 21 19 14 13 11 7 68 66 65 48 40 36 34 20 33 18 24 12 17 10 9 6 5 3 64 8 32 16 4 2 1 0

SNR -15.500
127 126 125 124 123 122 121 120 119 118 117 115 111 110 109 107 103 95 94 93 91 87 63 116 114 108 106 113 101 105 102 62 79 90 99 92 59 89 61 85 86 83 55 112 78 104 77 100 60 98 58 75 47 88 97 57 84 54 82 53 71 81 76 31 51 46 74 56 45 96 73 43 52 70 30 39 29 80 69 27 50 23 15 67 49 44 72 42 41 38 37 35 28 26 25 22 21 68 19 14 13 11 7 66 48 65 40 36 34 33 20 24 18 12 17 10 9 6 5 3 64 32 8 16 4 2 1 0

SNR -15.000
127 126 125 124 123 122 121 120 119 118 117 116 115 114 113 111 110 109 108 107 106 105 103 95 94 93 91 87 79 63 62 59 61 101 102 99 89 55 92 90 86 85 83 78 77 47 112 75 104 58 100 60 98 57 88 97 54 84 53 71 82 81 31 51 76 46 74 45 56 73 96 43 52 70 30 69 50 80 39 29 49 44 27 67 23 15 72 42 41 38 68 37 28 35 26 25 48 22 21 66 19 14 13 11 65 7 40 36 34 33 24 20 18 17 12 10 9 6 64 5 3 32 8 16 4 2 1 0

SNR -14.500
127 126 125 124 123 122 121 120 119 118 117 116 115 114 113 111 110 109 108 107 106 105 103 102 101 99 95 94 93 92 91 90 87 79 63 62 61 59 55 86 89 85 83 77 78 75 60 47 58 112 57 100 104 54 97 53 71 98 88 51 31 84 82 81 76 46 45 74 73 56 43 70 52 96 30 69 50 39 29 80 49 44 67 27 42 72 23 41 15 38 68 28 37 48 35 26 66 25 65 22 21 19 14 13 11 40 7 36 34 33 24 20 18 64 17 10 12 9 6 5 3 32 16 8 4 2 1 0

SNR -14.000
127 126 125 124 123 122 121 120 119 118 117 116 115 114 113 111 110 109 108 107 106 105 103 102 101 99 95 94 93 92 91 90 89 87 86 85 79 78 63 62 61 59 55 47 83 77 75 60 58 57 54 31 104 100 112 71 53 88 98 97 84 46 82 51 81 76 45 43 74 73 56 70 52 30 69 39 50 29 96 49 44 67 80 27 42 72 41 23 38 68 28 37 15 48 26 66 35 25 65 40 22 21 19 14 13 11 36 7 34 33 24 64 20 18 17 12 10 9 6 5 3 32 16 8 4 2 1 0

SNR -13.500
127 126 125 124 123 122 121 120 119 118 117 116 115 114 113 111 110 109 108 107 106 105 103 102 101 99 95 94 93 92 91 90 89 87 86 85 83 79 78 77 75 63 62 61 60 59 55 47 31 58 57 54 71 53 46 112 104 51 100 84 88 43 82 97 45 98 76 81 73 74 39 56 70 30 52 69 29 50 49 44 27 67 96 42 80 41 72 23 38 37 28 68 26 48 15 66 35 25 40 65 22 21 36 19 14 13 34 11 7 24 33 64 20 18 17 12 10 9 6 5 3 32 16 8 4 2 1 0

SNR -13.000
127 126 125 124 123 122 121 120 119 118 117 116 115 114 113 111 110 109 108 107 106 105 103 102 101 99 95 94 93 92 91 90 89 87 86 85 83 79 78 77 75 71 63 62 61 60 59 58 57 55 54 53 51 47 31 46 45 112 104 43 100 98 88 97 39 84 82 76 81 29 73 74 30 70 52 69 56 49 50 67 27 44 42 23 41 38 96 80 37 72 28 68 26 15 35 25 48 66 22 40 65 21 36 19 14 34 24 13 33 11 7 20 64 18 17 12 10 9 32 6 5 3 16 8 4 2 1 0

SNR -12.500
127 126 125 124 123 122 121 120 119 118 117 116 115 114 113 111 110 109 108 107 106 105 104 103 102 101 99 95 94 93 92 91 90 89 87 86 85 83 79 78 77 75 71 63 62 61 60 59 58 57 55 54 53 51 47 46 45 43 31 100 98 30 39 112 29 97 76 88 81 27 74 84 73 50 70 69 52 82 23 56 67 49 44 42 38 41 37 96 80 28 15 35 26 72 25 68 22 66 48 21 40 65 36 19 14 34 24 13 33 20 11 64 7 18 17 12 32 10 9 6 5 3 16 8 4 2 1 0

SNR -12.000
127 126 125 124 123 122 121 120 119 118 117 116 115 114 113 112 111 110 109 108 107 106 105 103 102 101 100 99 98 95 94 93 92 91 90 89 88 87 86 85 84 83 79 78 77 75 71 63 62 61 60 59 58 57 55 54 53 51 47 46 45 43 39 31 30 29 27 104 82 81 76 73 97 69 70 52 49 23 74 56 50 67 44 41 38 15 37 42 28 26 35 22 96 80 25 72 21 68 66 48 65 19 40 14 36 13 34 24 33 11 20 18 7 64 17 12 10 32 9 6 5 16 3 8 4 2 1 0

SNR -11.500
127 126 125 124 123 122 121 120 119 118 117 116 115 114 113 112 111 110 109 108 107 106 105 104 103 102 101 100 99 98 97 95 94 93 92 91 90 89 88 87 86 85 84 83 82 81 79 78 77 76 75 74 73 71 70 69 63 62 61 60 59 58 57 55 54 53 51 47 46 45 43 39 31 30 29 27 23 15 50 52 56 67 44 41 37 49 42 38 35 28 26 21 22 25 96 19 72 80 68 48 66 14 13 65 40 36 34 11 33 24 20 18 7 17 12 64 10 9 32 6 16 5 3 8 4 2 1 0

SNR -11.000
127 126 125 124 123 122 121 120 119 118 117 116 115 114 113 112 111 110 109 108 107 106 105 104 103 102 101 100 99 98 97 95 94 93 92 91 90 89 88 87 86 85 84 83 82 81 79 78 77 76 75 74 73 71 70 69 67 63 62 61 60 59 58 57 56 55 54 53 52 51 50 47 46 45 44 43 41 39 31 30 29 27 23 15 49 37 38 28 42 25 35 22 21 19 26 14 96 13 80 11 72 68 65 66 40 48 36 34 33 24 20 7 18 17 12 10 64 9 32 6 5 16 3 8 4 2 1 0

SNR -10.500
127 126 125 124 123 122 121 120 119 118 117 116 115 114 113 112 111 110 109 108 107 106 105 104 103 102 101 100 99 98 97 95 94 93 92 91 90 89 88 87 86 85 84 83 82 81 79 78 77 76 75 74 73 71 70 69 67 63 62 61 60 59 58 57 56 55 54 53 52 51 50 49 47 46 45 44 43 42 41 39 38 37 35 31 30 29 28 27 25 23 15 22 26 21 19 14 13 11 68 80 66 7 96 65 48 72 33 34 24 36 20 40 18 17 12 10 9 6 64 5 32 16 3 8 4 2 1 0

SNR -10.000
127 126 125 124 123 122 121 120 119 118 117 116 115 114 113 112 111 110 109 108 107 106 105 104 103 102 101 100 99 98 97 95 94 93 92 91 90 89 88 87 86 85 84 83 82 81 79 78 77 76 75 74 73 71 70 69 67 63 62 61 60 59 58 57 56 55 54 53 52 51 50 49 47 46 45 44 43 42 41 39 38 37 35 31 30 29 28 27 26 25 23 22 21 15 14 13 11 19 7 80 96 72 68 48 66 34 40 36 33 24 65 20 12 18 17 10 9 6 5 64 32 3 16 8 4 2 1 0

SNR -9.500
127 126 125 124 123 122 121 120 119 118 117 116 115 114 113 112 111 110 109 108 107 106 105 104 103 102 101 100 99 98 97 95 94 93 92 91 90 89 88 87 86 85 84 83 82 81 79 78 77 76 75 74 73 71 70 69 67 63 62 61 60 59 58 57 56 55 54 53 52 51 50 49 47 46 45 44 43 42 41 39 38 37 35 31 30 29 28 27 26 25 23 22 21 19 15 14 13 11 7 80 96 72 68 48 66 65 36 24 20 34 33 17 12 18 40 10 9 5 6 3 64 32 16 8 4 2 1 0

SNR -9.000
127 126 125 124 123 122 121 120 119 118 117 116 115 114 113 112 111 110 109 108 107 106 105 104 103 102 101 100 99 98 97 96 95 94 93 92 91 90 89 88 87 86 85 84 83 82 81 79 78 77 76 75 74 73 71 70 69 67 63 62 61 60 59 58 57 56 55 54 53 52 51 50 49 47 46 45 44 43 42 41 39 38 37 35 31 30 29 28 27 26 25 23 22 21 19 15 14 13 11 7 80 72 66 65 40 34 24 36 48 33 68 17 20 10 18 6 12 9 5 3 64 16 32 8 4 2 1 0

SNR -8.500
127 126 125 124 123 122 121 120 119 118 117 116 115 114 113 112 111 110 109 108 107 106 105 104 103 102 101 100 99 98 97 96 95 94 93 92 91 90 89 88 87 86 85 84 83 82 81 80 79 78 77 76 75 74 73 72 71 70 69 68 67 65 63 62 61 60 59 58 57 56 55 54 53 52 51 50 49 48 47 46 45 44 43 42 41 40 39 38 37 36 35 34 31 30 29 28 27 26 25 24 23 22 21 20 19 15 14 13 11 7 33 66 17 12 10 18 9 6 5 3 64 16 32 8 4 2 1 0

SNR -8.000
127 126 125 124 123 122 121 120 119 118 117 116 115 114 113 112 111 110 109 108 107 106 105 104 103 102 101 100 99 98 97 96 95 94 93 92 91 90 89 88 87 86 85 84 83 82 81 80 79 78 77 76 75 74 73 72 71 70 69 68 67 66 65 63 62 61 60 59 58 57 56 55 54 53 52 51 50 49 48 47 46 45 44 43 42 41 40 39 38 37 36 35 34 33 31 30 29 28 27 26 25 24 23 22 21 20 19 18 17 15 14 13 12 11 10 9 7 5 3 6 64 32 16 8 4 2 1 0

SNR -7.500
127 126 125 124 123 122 121 120 119 118 117 116 115 114 113 112 111 110 109 108 107 106 105 104 103 102 101 100 99 98 97 96 95 94 93 92 91 90 89 88 87 86 85 84 83 82 81 80 79 78 77 76 75 74 73 72 71 70 69 68 67 66 65 63 62 61 60 59 58 57 56 55 54 53 52 51 50 49 48 47 46 45 44 43 42 41 40 39 38 37 36 35 34 33 31 30 29 28 27 26 25 24 23 22 21 20 19 18 17 15 14 13 12 11 10 9 7 6 5 3 64 32 8 4 16 1 2 0

SNR -7.000
127 126 125 124 123 122 121 120 119 118 117 116 115 114 113 112 111 110 109 108 107 106 105 104 103 102 101 100 99 98 97 96 95 94 93 92 91 90 89 88 87 86 85 84 83 82 81 80 79 78 77 76 75 74 73 72 71 70 69 68 67 66 65 63 62 61 60 59 58 57 56 55 54 53 52 51 50 49 48 47 46 45 44 43 42 41 40 39 38 37 36 35 34 33 31 30 29 28 27 26 25 24 23 22 21 20 19 18 17 15 14 13 12 11 10 9 7 6 5 3 64 32 8 16 4 2 1 0

SNR -6.500
127 126 125 124 123 122 121 120 119 118 117 116 115 114 113 112 111 110 109 108 107 106 105 104 103 102 101 100 99 98 97 96 95 94 93 92 91 90 89 88 87 86 85 84 83 82 81 80 79 78 77 76 75 74 73 72 71 70 69 68 67 66 65 63 62 61 60 59 58 57 56 55 54 53 52 51 50 49 48 47 46 45 44 43 42 41 40 39 38 37 36 35 34 33 31 30 29 28 27 26 25 24 23 22 21 20 19 18 17 15 14 13 12 11 10 9 7 6 5 3 64 16 8 32 2 1 4 0

SNR -6.000
127 126 125 124 123 122 121 120 119 118 117 116 115 114 113 112 111 110 109 108 107 106 105 104 103 102 101 100 99 98 97 96 95 94 93 92 91 90 89 88 87 86 85 84 83 82 81 80 79 78 77 76 75 74 73 72 71 70 69 68 67 66 65 64 63 62 61 60 59 58 57 56 55 54 53 52 51 50 49 48 47 46 45 44 43 42 41 40 39 38 37 36 35 34 33 32 31 30 29 28 27 26 25 24 23 22 21 20 19 18 17 15 14 13 12 11 10 9 7 6 5 3 8 16 4 1 2 0

SNR -5.500
127 126 125 124 123 122 121 120 119 118 117 116 115 114 113 112 111 110 109 108 107 106 105 104 103 102 101 100 99 98 97 96 95 94 93 92 91 90 89 88 87 86 85 84 83 82 81 80 79 78 77 76 75 74 73 72 71 70 69 68 67 66 65 64 63 62 61 60 59 58 57 56 55 54 53 52 51 50 49 48 47 46 45 44 43 42 41 40 39 38 37 36 35 34 33 32 31 30 29 28 27 26 25 24 23 22 21 20 19 18 17 16 15 14 13 12 11 10 9 8 7 6 5 4 3 2 1 0

SNR -5.000
127 126 125 124 123 122 121 120 119 118 117 116 115 114 113 112 111 110 109 108 107 106 105 104 103 102 101 100 99 98 97 96 95 94 93 92 91 90 89 88 87 86 85 84 83 82 81 80 79 78 77 76 75 74 73 72 71 70 69 68 67 66 65 64 63 62 61 60 59 58 57 56 55 54 53 52 51 50 49 48 47 46 45 44 43 42 41 40 39 38 37 36 35 34 33 32 31 30 29 28 27 26 25 24 23 22 21 20 19 18 17 16 15 14 13 12 11 10 9 8 7 6 5 4 3 2 1 0

SNR -4.500
127 126 125 124 123 122 121 120 119 118 117 116 115 114 113 112 111 110 109 108 107 106 105 104 103 102 101 100 99 98 97 96 95 94 93 92 91 90 89 88 87 86 85 84 83 82 81 80 79 78 77 76 75 74 73 72 71 70 69 68 67 66 65 64 63 62 61 60 59 58 57 56 55 54 53 52 51 50 49 48 47 46 45 44 43 42 41 40 39 38 37 36 35 34 33 32 31 30 29 28 27 26 25 24 23 22 21 20 19 18 17 16 15 14 13 12 11 10 9 8 7 6 5 4 3 2 1 0

SNR -4.000
127 126 125 124 123 122 121 120 119 118 117 116 115 114 113 112 111 110 109 108 107 106 105 104 103 102 101 100 99 98 97 96 95 94 93 92 91 90 89 88 87 86 85 84 83 82 81 80 79 78 77 76 75 74 73 72 71 70 69 68 67 66 65 64 63 62 61 60 59 58 57 56 55 54 53 52 51 50 49 48 47 46 45 44 43 42 41 40 39 38 37 36 35 34 33 32 31 30 29 28 27 26 25 24 23 22 21 20 19 18 17 16 15 14 13 12 11 10 9 8 7 6 5 4 3 2 1 0

SNR -3.500
127 126 125 124 123 122 121 120 119 118 117 116 115 114 113 112 111 110 109 108 107 106 105 104 103 102 101 100 99 98 97 96 95 94 93 92 91 90 89 88 87 86 85 84 83 82 81 80 79 78 77 76 75 74 73 72 71 70 69 68 67 66 65 64 63 62 61 60 59 58 57 56 55 54 53 52 51 50 49 48 47 46 45 44 43 42 41 40 39 38 37 36 35 34 33 32 31 30 29 28 27 26 25 24 23 22 21 20 19 18 17 16 15 14 13 12 11 10 9 8 7 6 5 4 3 2 1 0

SNR -3.000
127 126 125 124 123 122 121 120 119 118 117 116 115 114 113 112 111 110 109 108 107 106 105 104 103 102 101 100 99 98 97 96 95 94 93 92 91 90 89 88 87 86 85 84 83 82 81 80 79 78 77 76 75 74 73 72 71 70 69 68 67 66 65 64 63 62 61 60 59 58 57 56 55 54 53 52 51 50 49 48 47 46 45 44 43 42 41 40 39 38 37 36 35 34 33 32 31 30 29 28 27 26 25 24 23 22 21 20 19 18 17 16 15 14 13 12 11 10 9 8 7 6 5 4 3 2 1 0

SNR -2.500
127 126 125 124 123 122 121 120 119 118 117 116 115 114 113 112 111 110 109 108 107 106 105 104 103 102 101 100 99 98 97 96 95 94 93 92 91 90 89 88 87 86 85 84 83 82 81 80 79 78 77 76 75 74 73 72 71 70 69 68 67 66 65 64 63 62 61 60 59 58 57 56 55 54 53 52 51 50 49 48 47 46 45 44 43 42 41 40 39 38 37 36 35 34 33 32 31 30 29 28 27 26 25 24 23 22 21 20 19 18 17 16 15 14 13 12 11 10 9 8 7 6 5 4 3 2 1 0

SNR -2.000
127 126 125 124 123 122 121 120 119 118 117 116 115 114 113 112 111 110 109 108 107 106 105 104 103 102 101 100 99 98 97 96 95 94 93 92 91 90 89 88 87 86 85 84 83 82 81 80 79 78 77 76 75 74 73 72 71 70 69 68 67 66 65 64 63 62 61 60 59 58 57 56 55 54 53 52 51 50 49 48 47 46 45 44 43 42 41 40 39 38 37 36 35 34 33 32 31 30 29 28 27 26 25 24 23 22 21 20 19 18 17 16 15 14 13 12 11 10 9 8 7 6 5 4 3 2 1 0

SNR -1.500
127 126 125 124 123 122 121 120 119 118 117 116 115 114 113 112 111 110 109 108 107 106 105 104 103 102 101 100 99 98 97 96 95 94 93 92 91 90 89 88 87 86 85 84 83 82 81 80 79 78 77 76 75 74 73 72 71 70 69 68 67 66 65 64 63 62 61 60 59 58 57 56 55 54 53 52 51 50 49 48 47 46 45 44 43 42 41 40 39 38 37 36 35 34 33 32 31 30 29 28 27 26 25 24 23 22 21 20 19 18 17 16 15 14 13 12 11 10 9 8 7 6 5 4 3 2 1 0

SNR -1.000
127 126 125 124 123 122 121 120 119 118 117 116 115 114 113 112 111 110 109 108 107 106 105 104 103 102 101 100 99 98 97 96 95 94 93 92 91 90 89 88 87 86 85 84 83 82 81 80 79 78 77 76 75 74 73 72 71 70 69 68 67 66 65 64 63 62 61 60 59 58 57 56 55 54 53 52 51 50 49 48 47 46 45 44 43 42 41 40 39 38 37 36 35 34 33 32 31 30 29 28 27 26 25 24 23 22 21 20 19 18 17 16 15 14 13 12 11 10 9 8 7 6 5 4 3 2 1 0

SNR -0.500
127 126 125 124 123 122 121 120 119 118 117 116 115 114 113 112 111 110 109 108 107 106 105 104 103 102 101 100 99 98 97 96 95 94 93 92 91 90 89 88 87 86 85 84 83 82 81 80 79 78 77 76 75 74 73 72 71 70 69 68 67 66 65 64 63 62 61 60 59 58 57 56 55 54 53 52 51 50 49 48 47 46 45 44 43 42 41 40 39 38 37 36 35 34 33 32 31 30 29 28 27 26 25 24 23 22 21 20 19 18 17 16 15 14 13 12 11 10 9 8 7 6 5 4 3 2 1 0

SNR 0.000
127 126 125 124 123 122 121 120 119 118 117 116 115 114 113 112 111 110 109 108 107 106 105 104 103 102 101 100 99 98 97 96 95 94 93 92 91 90 89 88 87 86 85 84 83 82 81 80 79 78 77 76 75 74 73 72 71 70 69 68 67 66 65 64 63 62 61 60 59 58 57 56 55 54 53 52 51 50 49 48 47 46 45 44 43 42 41 40 39 38 37 36 35 34 33 32 31 30 29 28 27 26 25 24 23 22 21 20 19 18 17 16 15 14 13 12 11 10 9 8 7 6 5 4 3 2 1 0

SNR 0.500
127 126 125 124 123 122 121 120 119 118 117 116 115 114 113 112 111 110 109 108 107 106 105 104 103 102 101 100 99 98 97 96 95 94 93 92 91 90 89 88 87 86 85 84 83 82 81 80 79 78 77 76 75 74 73 72 71 70 69 68 67 66 65 64 63 62 61 60 59 58 57 56 55 54 53 52 51 50 49 48 47 46 45 44 43 42 41 40 39 38 37 36 35 34 33 32 31 30 29 28 27 26 25 24 23 22 21 20 19 18 17 16 15 14 13 12 11 10 9 8 7 6 5 4 3 2 1 0

SNR 1.000
127 126 125 124 123 122 121 120 119 118 117 116 115 114 113 112 111 110 109 108 107 106 105 104 103 102 101 100 99 98 97 96 95 94 93 92 91 90 89 88 87 86 85 84 83 82 81 80 79 78 77 76 75 74 73 72 71 70 69 68 67 66 65 64 63 62 61 60 59 58 57 56 55 54 53 52 51 50 49 48 47 46 45 44 43 42 41 40 39 38 37 36 35 34 33 32 31 30 29 28 27 26 25 24 23 22 21 20 19 18 17 16 15 14 13 12 11 10 9 8 7 6 5 4 3 2 1 0

SNR 1.500
127 126 125 124 123 122 121 120 119 118 117 116 115 114 113 112 111 110 109 108 107 106 105 104 103 102 101 100 99 98 97 96 95 94 93 92 91 90 89 88 87 86 85 84 83 82 81 80 79 78 77 76 75 74 73 72 71 70 69 68 67 66 65 64 63 62 61 60 59 58 57 56 55 54 53 52 51 50 49 48 47 46 45 44 43 42 41 40 39 38 37 36 35 34 33 32 31 30 29 28 27 26 25 24 23 22 21 20 19 18 17 16 15 14 13 12 11 10 9 8 7 6 5 4 3 2 1 0

SNR 2.000
127 126 125 124 123 122 121 120 119 118 117 116 115 114 113 112 111 110 109 108 107 106 105 104 103 102 101 100 99 98 97 96 95 94 93 92 91 90 89 88 87 86 85 84 83 82 81 80 79 78 77 76 75 74 73 72 71 70 69 68 67 66 65 64 63 62 61 60 59 58 57 56 55 54 53 52 51 50 49 48 47 46 45 44 43 42 41 40 39 38 37 36 35 34 33 32 31 30 29 28 27 26 25 24 23 22 21 20 19 18 17 16 15 14 13 12 11 10 9 8 7 6 5 4 3 2 1 0

SNR 2.500
127 126 125 124 123 122 121 120 119 118 117 116 115 114 113 112 111 110 109 108 107 106 105 104 103 102 101 100 99 98 97 96 95 94 93 92 91 90 89 88 87 86 85 84 83 82 81 80 79 78 77 76 75 74 73 72 71 70 69 68 67 66 65 64 63 62 61 60 59 58 57 56 55 54 53 52 51 50 49 48 47 46 45 44 43 42 41 40 39 38 37 36 35 34 33 32 31 30 29 28 27 26 25 24 23 22 21 20 19 18 17 16 15 14 13 12 11 10 9 8 7 6 5 4 3 2 1 0

