SNR -20.000
63 61 62 59 55 60 58 57 47 54 53 31 51 56 46 45 43 52 39 30 29 27 23 15 50 49 44 42 41 38 37 35 26 28 21 22 25 19 14 13 11 7 48 40 36 34 20 33 18 10 12 9 17 24 6 5 3 8 4 16 32 2 1 0

SNR -19.500
63 62 61 59 55 60 58 57 47 54 53 51 31 56 46 45 52 43 39 30 29 23 27 50 15 49 44 42 41 38 37 35 28 26 25 21 22 19 13 14 11 7 48 40 36 34 33 20 18 12 10 24 9 17 6 5 3 8 4 32 16 2 1 0

SNR -19.000
63 61 59 62 55 58 60 57 47 54 53 51 56 46 31 45 52 43 50 39 30 29 27 23 49 15 44 42 41 38 37 35 28 26 25 21 22 19 14 13 11 7 48 40 36 34 33 20 18 12 10 9 24 17 6 5 3 8 32 4 16 2 1 0

SNR -18.500
63 62 61 59 55 60 57 58 47 54 53 51 46 31 56 45 52 43 50 39 30 49 29 27 23 44 15 42 41 38 37 35 28 48 26 25 22 21 19 14 13 11 7 40 36 34 33 20 18 24 10 12 9 17 6 5 3 32 8 4 16 2 1 0

SNR -18.000
63 62 61 59 55 47 57 60 58 54 53 51 46 31 56 45 52 43 50 30 39 49 44 29 27 23 15 42 41 38 37 35 48 28 26 25 21 22 19 14 13 11 7 40 36 34 33 20 18 24 10 12 17 9 6 5 3 32 8 4 16 2 1 0

SNR -17.500
63 62 61 59 55 47 58 57 60 54 53 51 46 31 45 56 52 43 50 49 30 39 44 29 42 27 23 15 41 38 48 37 28 35 26 25 22 21 19 14 13 11 7 40 36 34 33 24 20 18 10 17 12 9 6 5 3 32 8 16 4 2 1 0

SNR -17.000
63 62 61 59 55 47 60 58 57 54 53 51 31 46 45 56 43 52 50 49 39 30 44 29 42 27 41 23 15 38 48 37 28 35 26 25 22 40 21 19 14 13 11 7 36 34 33 24 20 18 17 12 10 9 6 5 3 32 8 4 16 2 1 0

SNR -16.500
63 62 61 59 55 47 58 60 57 53 54 46 51 31 45 56 43 52 50 39 49 30 44 29 42 27 41 38 23 48 15 37 28 35 26 25 40 22 21 19 14 13 11 7 36 34 33 24 20 18 17 12 10 9 6 5 3 32 8 16 4 2 1 0

SNR -16.000
63 62 61 59 55 47 60 58 57 54 53 51 31 46 45 43 56 52 50 39 49 30 44 29 42 27 41 38 23 37 48 28 15 35 26 40 25 22 21 19 36 14 13 11 7 34 33 24 20 18 17 12 10 9 6 5 3 32 16 8 4 2 1 0

SNR -15.500
63 62 61 60 59 55 47 58 57 54 53 51 31 45 46 43 56 39 52 50 30 49 29 44 42 27 41 38 23 37 28 48 26 35 15 40 25 22 36 21 19 14 13 11 34 7 33 24 20 18 17 12 10 9 6 5 3 32 16 8 4 2 1 0

SNR -15.000
63 62 61 60 59 58 57 55 54 53 47 31 51 46 45 43 39 56 52 29 50 30 49 44 27 42 41 38 23 37 28 48 26 35 15 25 40 22 36 21 19 14 34 13 24 11 33 7 20 18 17 12 10 9 6 5 32 3 16 8 4 2 1 0

SNR -14.500
63 62 61 60 59 58 57 55 54 53 51 47 46 45 31 43 39 30 29 56 50 52 27 49 44 42 41 38 23 37 28 35 26 48 15 25 40 22 21 36 19 34 14 24 13 33 11 7 20 18 17 12 32 10 9 6 5 3 16 8 4 2 1 0

SNR -14.000
63 62 61 60 59 58 57 55 54 53 51 47 46 45 43 39 31 30 29 27 52 50 56 44 49 42 23 41 38 37 28 35 26 15 25 48 22 40 21 36 19 34 14 24 13 33 20 11 7 18 17 12 32 10 9 6 5 3 16 8 4 2 1 0

SNR -13.500
63 62 61 60 59 58 57 55 54 53 51 47 46 45 43 39 31 30 29 27 23 56 52 50 42 44 41 49 38 37 28 35 15 26 25 22 48 21 40 36 19 14 34 13 24 33 20 11 18 7 17 12 32 10 9 6 5 3 16 8 4 2 1 0

SNR -13.000
63 62 61 60 59 58 57 55 54 53 51 47 46 45 43 39 31 30 29 27 23 56 52 50 49 44 42 41 38 37 15 35 26 28 25 22 21 19 48 40 36 14 34 13 24 33 11 20 18 7 17 12 10 32 9 6 5 16 3 8 4 2 1 0

SNR -12.500
63 62 61 60 59 58 57 55 54 53 52 51 47 46 45 43 39 31 30 29 27 23 50 49 15 56 38 44 37 42 25 35 26 41 28 22 21 19 48 40 14 13 36 34 11 33 24 20 18 7 17 12 10 32 9 6 16 5 3 8 4 2 1 0

SNR -12.000
63 62 61 60 59 58 57 56 55 54 53 51 50 49 47 46 45 44 43 42 39 31 30 29 27 23 15 52 41 38 35 26 37 28 25 22 19 21 14 13 11 48 40 36 34 33 24 20 7 18 17 12 10 9 32 6 5 16 3 8 4 2 1 0

SNR -11.500
63 62 61 60 59 58 57 56 55 54 53 52 51 50 49 47 46 45 44 43 42 41 39 38 37 35 31 30 29 27 23 15 25 26 28 22 21 19 14 13 11 48 36 40 34 24 33 7 20 18 17 12 10 9 6 32 5 16 3 8 4 2 1 0

SNR -11.000
63 62 61 60 59 58 57 56 55 54 53 52 51 50 49 47 46 45 44 43 42 41 39 38 37 35 31 30 29 28 27 26 25 23 22 15 19 14 21 11 13 7 48 40 36 34 33 20 24 18 17 12 10 9 6 5 32 16 3 8 4 2 1 0

SNR -10.500
63 62 61 60 59 58 57 56 55 54 53 52 51 50 49 47 46 45 44 43 42 41 39 38 37 35 31 30 29 28 27 26 25 23 22 21 19 15 14 11 13 7 34 40 33 48 24 36 17 12 18 10 20 9 6 5 3 32 16 8 4 2 1 0

SNR -10.000
63 62 61 60 59 58 57 56 55 54 53 52 51 50 49 47 46 45 44 43 42 41 39 38 37 35 31 30 29 28 27 26 25 23 22 21 19 15 14 13 11 7 40 48 36 34 24 33 17 20 18 12 10 6 9 5 3 32 16 8 4 2 1 0

SNR -9.500
63 62 61 60 59 58 57 56 55 54 53 52 51 50 49 47 46 45 44 43 42 41 39 38 37 35 31 30 29 28 27 26 25 23 22 21 19 15 14 13 11 7 40 48 36 34 24 33 18 12 10 17 6 9 20 5 3 32 16 8 4 2 1 0

SNR -9.000
63 62 61 60 59 58 57 56 55 54 53 52 51 50 49 48 47 46 45 44 43 42 41 39 38 37 35 31 30 29 28 27 26 25 23 22 21 19 15 14 13 11 7 40 36 33 20 17 12 18 24 34 10 5 9 3 6 32 8 16 4 2 1 0

SNR -8.500
63 62 61 60 59 58 57 56 55 54 53 52 51 50 49 48 47 46 45 44 43 42 41 40 39 38 37 36 35 34 31 30 29 28 27 26 25 24 23 22 21 20 19 18 17 15 14 13 12 11 10 7 33 6 5 9 3 32 8 16 4 2 1 0

SNR -8.000
63 62 61 60 59 58 57 56 55 54 53 52 51 50 49 48 47 46 45 44 43 42 41 40 39 38 37 36 35 34 33 31 30 29 28 27 26 25 24 23 22 21 20 19 18 17 15 14 13 12 11 10 9 7 6 5 3 32 16 8 4 2 1 0

SNR -7.500
63 62 61 60 59 58 57 56 55 54 53 52 51 50 49 48 47 46 45 44 43 42 41 40 39 38 37 36 35 34 33 31 30 29 28 27 26 25 24 23 22 21 20 19 18 17 15 14 13 12 11 10 9 7 6 5 3 32 16 4 2 8 1 0

SNR -7.000
63 62 61 60 59 58 57 56 55 54 53 52 51 50 49 48 47 46 45 44 43 42 41 40 39 38 37 36 35 34 33 31 30 29 28 27 26 25 24 23 22 21 20 19 18 17 15 14 13 12 11 10 9 7 6 5 3 32 16 4 8 2 1 0

SNR -6.500
63 62 61 60 59 58 57 56 55 54 53 52 51 50 49 48 47 46 45 44 43 42 41 40 39 38 37 36 35 34 33 31 30 29 28 27 26 25 24 23 22 21 20 19 18 17 15 14 13 12 11 10 9 7 6 5 3 32 8 4 16 1 2 0

SNR -6.000
63 62 61 60 59 58 57 56 55 54 53 52 51 50 49 48 47 46 45 44 43 42 41 40 39 38 37 36 35 34 33 32 31 30 29 28 27 26 25 24 23 22 21 20 19 18 17 16 15 14 13 12 11 10 9 7 6 5 3 4 8 2 1 0

SNR -5.500
63 62 61 60 59 58 57 56 55 54 53 52 51 50 49 48 47 46 45 44 43 42 41 40 39 38 37 36 35 34 33 32 31 30 29 28 27 26 25 24 23 22 21 20 19 18 17 16 15 14 13 12 11 10 9 8 7 6 5 4 3 2 1 0

SNR -5.000
63 62 61 60 59 58 57 56 55 54 53 52 51 50 49 48 47 46 45 44 43 42 41 40 39 38 37 36 35 34 33 32 31 30 29 28 27 26 25 24 23 22 21 20 19 18 17 16 15 14 13 12 11 10 9 8 7 6 5 4 3 2 1 0

SNR -4.500
63 62 61 60 59 58 57 56 55 54 53 52 51 50 49 48 47 46 45 44 43 42 41 40 39 38 37 36 35 34 33 32 31 30 29 28 27 26 25 24 23 22 21 20 19 18 17 16 15 14 13 12 11 10 9 8 7 6 5 4 3 2 1 0

SNR -4.000
63 62 61 60 59 58 57 56 55 54 53 52 51 50 49 48 47 46 45 44 43 42 41 40 39 38 37 36 35 34 33 32 31 30 29 28 27 26 25 24 23 22 21 20 19 18 17 16 15 14 13 12 11 10 9 8 7 6 5 4 3 2 1 0

SNR -3.500
63 62 61 60 59 58 57 56 55 54 53 52 51 50 49 48 47 46 45 44 43 42 41 40 39 38 37 36 35 34 33 32 31 30 29 28 27 26 25 24 23 22 21 20 19 18 17 16 15 14 13 12 11 10 9 8 7 6 5 4 3 2 1 0

SNR -3.000
63 62 61 60 59 58 57 56 55 54 53 52 51 50 49 48 47 46 45 44 43 42 41 40 39 38 37 36 35 34 33 32 31 30 29 28 27 26 25 24 23 22 21 20 19 18 17 16 15 14 13 12 11 10 9 8 7 6 5 4 3 2 1 0

SNR -2.500
63 62 61 60 59 58 57 56 55 54 53 52 51 50 49 48 47 46 45 44 43 42 41 40 39 38 37 36 35 34 33 32 31 30 29 28 27 26 25 24 23 22 21 20 19 18 17 16 15 14 13 12 11 10 9 8 7 6 5 4 3 2 1 0

SNR -2.000
63 62 61 60 59 58 57 56 55 54 53 52 51 50 49 48 47 46 45 44 43 42 41 40 39 38 37 36 35 34 33 32 31 30 29 28 27 26 25 24 23 22 21 20 19 18 17 16 15 14 13 12 11 10 9 8 7 6 5 4 3 2 1 0

SNR -1.500
63 62 61 60 59 58 57 56 55 54 53 52 51 50 49 48 47 46 45 44 43 42 41 40 39 38 37 36 35 34 33 32 31 30 29 28 27 26 25 24 23 22 21 20 19 18 17 16 15 14 13 12 11 10 9 8 7 6 5 4 3 2 1 0

SNR -1.000
63 62 61 60 59 58 57 56 55 54 53 52 51 50 49 48 47 46 45 44 43 42 41 40 39 38 37 36 35 34 33 32 31 30 29 28 27 26 25 24 23 22 21 20 19 18 17 16 15 14 13 12 11 10 9 8 7 6 5 4 3 2 1 0

SNR -0.500
63 62 61 60 59 58 57 56 55 54 53 52 51 50 49 48 47 46 45 44 43 42 41 40 39 38 37 36 35 34 33 32 31 30 29 28 27 26 25 24 23 22 21 20 19 18 17 16 15 14 13 12 11 10 9 8 7 6 5 4 3 2 1 0

SNR 0.000
63 62 61 60 59 58 57 56 55 54 53 52 51 50 49 48 47 46 45 44 43 42 41 40 39 38 37 36 35 34 33 32 31 30 29 28 27 26 25 24 23 22 21 20 19 18 17 16 15 14 13 12 11 10 9 8 7 6 5 4 3 2 1 0

SNR 0.500
63 62 61 60 59 58 57 56 55 54 53 52 51 50 49 48 47 46 45 44 43 42 41 40 39 38 37 36 35 34 33 32 31 30 29 28 27 26 25 24 23 22 21 20 19 18 17 16 15 14 13 12 11 10 9 8 7 6 5 4 3 2 1 0

SNR 1.000
63 62 61 60 59 58 57 56 55 54 53 52 51 50 49 48 47 46 45 44 43 42 41 40 39 38 37 36 35 34 33 32 31 30 29 28 27 26 25 24 23 22 21 20 19 18 17 16 15 14 13 12 11 10 9 8 7 6 5 4 3 2 1 0

SNR 1.500
63 62 61 60 59 58 57 56 55 54 53 52 51 50 49 48 47 46 45 44 43 42 41 40 39 38 37 36 35 34 33 32 31 30 29 28 27 26 25 24 23 22 21 20 19 18 17 16 15 14 13 12 11 10 9 8 7 6 5 4 3 2 1 0

SNR 2.000
63 62 61 60 59 58 57 56 55 54 53 52 51 50 49 48 47 46 45 44 43 42 41 40 39 38 37 36 35 34 33 32 31 30 29 28 27 26 25 24 23 22 21 20 19 18 17 16 15 14 13 12 11 10 9 8 7 6 5 4 3 2 1 0

SNR 2.500
63 62 61 60 59 58 57 56 55 54 53 52 51 50 49 48 47 46 45 44 43 42 41 40 39 38 37 36 35 34 33 32 31 30 29 28 27 26 25 24 23 22 21 20 19 18 17 16 15 14 13 12 11 10 9 8 7 6 5 4 3 2 1 0

