SNR -20.000
1 0

SNR -19.500
1 0

SNR -19.000
1 0

SNR -18.500
1 0

SNR -18.000
1 0

SNR -17.500
1 0

SNR -17.000
1 0

SNR -16.500
1 0

SNR -16.000
1 0

SNR -15.500
1 0

SNR -15.000
1 0

SNR -14.500
1 0

SNR -14.000
1 0

SNR -13.500
1 0

SNR -13.000
1 0

SNR -12.500
1 0

SNR -12.000
1 0

SNR -11.500
1 0

SNR -11.000
1 0

SNR -10.500
1 0

SNR -10.000
1 0

SNR -9.500
1 0

SNR -9.000
1 0

SNR -8.500
1 0

SNR -8.000
1 0

SNR -7.500
1 0

SNR -7.000
1 0

SNR -6.500
1 0

SNR -6.000
1 0

SNR -5.500
1 0

SNR -5.000
1 0

SNR -4.500
1 0

SNR -4.000
1 0

SNR -3.500
1 0

SNR -3.000
1 0

SNR -2.500
1 0

SNR -2.000
1 0

SNR -1.500
1 0

SNR -1.000
1 0

SNR -0.500
1 0

SNR 0.000
1 0

SNR 0.500
1 0

SNR 1.000
1 0

SNR 1.500
1 0

SNR 2.000
1 0

SNR 2.500
1 0

