SNR -20.000
31 30 29 27 28 23 26 15 25 22 21 19 14 13 11 7 24 20 18 17 10 12 9 6 5 3 16 4 8 2 1 0

SNR -19.500
31 30 29 27 28 23 26 15 25 22 21 19 14 13 11 7 24 20 18 17 10 12 9 6 5 3 16 4 8 2 1 0

SNR -19.000
31 29 30 27 28 23 26 25 15 22 21 19 14 13 11 7 24 20 18 17 12 10 9 6 5 3 16 4 8 2 1 0

SNR -18.500
31 30 29 27 23 28 26 25 15 22 21 19 14 24 13 11 7 20 18 17 12 10 9 6 5 3 16 4 8 2 1 0

SNR -18.000
31 30 29 27 23 28 26 25 15 22 21 19 24 14 13 11 7 20 18 17 12 10 9 6 5 3 16 8 4 2 1 0

SNR -17.500
31 29 30 27 23 28 26 25 15 22 21 19 24 14 13 11 7 20 18 17 12 10 9 6 5 3 16 8 4 2 1 0

SNR -17.000
31 30 29 27 23 28 26 25 15 22 21 19 24 14 13 11 20 7 18 17 12 10 9 6 5 3 16 8 4 2 1 0

SNR -16.500
31 29 30 27 23 28 26 25 15 22 21 19 24 14 13 20 11 7 18 17 12 10 9 6 5 3 16 8 4 2 1 0

SNR -16.000
31 30 29 27 23 28 26 25 15 22 21 19 24 14 13 20 11 18 7 17 12 10 9 6 5 3 16 8 4 2 1 0

SNR -15.500
31 30 29 27 23 28 26 25 15 22 21 19 14 24 13 20 11 18 7 17 12 10 9 6 5 3 16 8 4 2 1 0

SNR -15.000
31 30 29 27 23 28 26 25 15 22 21 19 14 24 13 20 11 18 7 17 12 10 9 6 5 3 16 8 4 2 1 0

SNR -14.500
31 30 29 27 23 15 28 25 26 22 21 19 14 13 24 20 11 18 17 7 12 10 9 6 16 5 3 8 4 2 1 0

SNR -14.000
31 30 29 27 23 15 26 25 28 22 21 19 14 13 24 11 20 18 17 7 12 10 9 6 16 5 3 8 4 2 1 0

SNR -13.500
31 30 29 27 23 15 28 26 25 21 22 19 14 13 11 24 20 18 7 17 12 10 9 6 16 5 3 8 4 2 1 0

SNR -13.000
31 30 29 27 23 15 28 26 25 22 21 19 13 14 11 24 20 18 7 17 12 10 9 6 5 16 3 8 4 2 1 0

SNR -12.500
31 30 29 27 26 23 15 25 28 19 22 21 13 14 11 24 20 7 18 17 12 10 9 6 5 16 3 8 4 2 1 0

SNR -12.000
31 30 29 28 27 25 23 22 21 15 26 19 13 14 11 7 24 20 18 17 12 10 9 6 5 16 3 8 4 2 1 0

SNR -11.500
31 30 29 28 27 26 25 23 22 21 19 15 13 14 11 7 24 18 20 17 12 10 9 6 5 3 16 8 4 2 1 0

SNR -11.000
31 30 29 28 27 26 25 23 22 21 19 15 14 13 11 7 24 20 18 17 10 12 9 6 5 3 16 8 4 2 1 0

SNR -10.500
31 30 29 28 27 26 25 23 22 21 19 15 14 13 11 7 17 20 24 12 18 6 9 5 10 3 16 8 4 2 1 0

SNR -10.000
31 30 29 28 27 26 25 23 22 21 19 15 14 13 11 7 20 24 18 17 12 10 9 6 5 3 16 8 4 2 1 0

SNR -9.500
31 30 29 28 27 26 25 23 22 21 19 15 14 13 11 7 20 24 18 17 12 9 6 5 3 10 16 8 4 2 1 0

SNR -9.000
31 30 29 28 27 26 25 24 23 22 21 19 15 14 13 11 7 20 18 10 6 9 12 17 5 3 16 4 8 2 1 0

SNR -8.500
31 30 29 28 27 26 25 24 23 22 21 20 19 18 17 15 14 13 12 11 10 9 7 6 5 3 16 4 8 2 1 0

SNR -8.000
31 30 29 28 27 26 25 24 23 22 21 20 19 18 17 15 14 13 12 11 10 9 7 6 5 3 16 8 4 2 1 0

SNR -7.500
31 30 29 28 27 26 25 24 23 22 21 20 19 18 17 15 14 13 12 11 10 9 7 6 5 3 16 8 2 1 4 0

SNR -7.000
31 30 29 28 27 26 25 24 23 22 21 20 19 18 17 15 14 13 12 11 10 9 7 6 5 3 16 8 2 4 1 0

SNR -6.500
31 30 29 28 27 26 25 24 23 22 21 20 19 18 17 15 14 13 12 11 10 9 7 6 5 3 16 4 2 8 1 0

SNR -6.000
31 30 29 28 27 26 25 24 23 22 21 20 19 18 17 16 15 14 13 12 11 10 9 8 7 6 5 3 2 4 1 0

SNR -5.500
31 30 29 28 27 26 25 24 23 22 21 20 19 18 17 16 15 14 13 12 11 10 9 8 7 6 5 4 3 2 1 0

SNR -5.000
31 30 29 28 27 26 25 24 23 22 21 20 19 18 17 16 15 14 13 12 11 10 9 8 7 6 5 4 3 2 1 0

SNR -4.500
31 30 29 28 27 26 25 24 23 22 21 20 19 18 17 16 15 14 13 12 11 10 9 8 7 6 5 4 3 2 1 0

SNR -4.000
31 30 29 28 27 26 25 24 23 22 21 20 19 18 17 16 15 14 13 12 11 10 9 8 7 6 5 4 3 2 1 0

SNR -3.500
31 30 29 28 27 26 25 24 23 22 21 20 19 18 17 16 15 14 13 12 11 10 9 8 7 6 5 4 3 2 1 0

SNR -3.000
31 30 29 28 27 26 25 24 23 22 21 20 19 18 17 16 15 14 13 12 11 10 9 8 7 6 5 4 3 2 1 0

SNR -2.500
31 30 29 28 27 26 25 24 23 22 21 20 19 18 17 16 15 14 13 12 11 10 9 8 7 6 5 4 3 2 1 0

SNR -2.000
31 30 29 28 27 26 25 24 23 22 21 20 19 18 17 16 15 14 13 12 11 10 9 8 7 6 5 4 3 2 1 0

SNR -1.500
31 30 29 28 27 26 25 24 23 22 21 20 19 18 17 16 15 14 13 12 11 10 9 8 7 6 5 4 3 2 1 0

SNR -1.000
31 30 29 28 27 26 25 24 23 22 21 20 19 18 17 16 15 14 13 12 11 10 9 8 7 6 5 4 3 2 1 0

SNR -0.500
31 30 29 28 27 26 25 24 23 22 21 20 19 18 17 16 15 14 13 12 11 10 9 8 7 6 5 4 3 2 1 0

SNR 0.000
31 30 29 28 27 26 25 24 23 22 21 20 19 18 17 16 15 14 13 12 11 10 9 8 7 6 5 4 3 2 1 0

SNR 0.500
31 30 29 28 27 26 25 24 23 22 21 20 19 18 17 16 15 14 13 12 11 10 9 8 7 6 5 4 3 2 1 0

SNR 1.000
31 30 29 28 27 26 25 24 23 22 21 20 19 18 17 16 15 14 13 12 11 10 9 8 7 6 5 4 3 2 1 0

SNR 1.500
31 30 29 28 27 26 25 24 23 22 21 20 19 18 17 16 15 14 13 12 11 10 9 8 7 6 5 4 3 2 1 0

SNR 2.000
31 30 29 28 27 26 25 24 23 22 21 20 19 18 17 16 15 14 13 12 11 10 9 8 7 6 5 4 3 2 1 0

SNR 2.500
31 30 29 28 27 26 25 24 23 22 21 20 19 18 17 16 15 14 13 12 11 10 9 8 7 6 5 4 3 2 1 0

SNR 3.000
31 30 29 28 27 26 25 24 23 22 21 20 19 18 17 16 15 14 13 12 11 10 9 8 7 6 5 4 3 2 1 0

SNR 3.500
31 30 29 28 27 26 25 24 23 22 21 20 19 18 17 16 15 14 13 12 11 10 9 8 7 6 5 4 3 2 1 0

SNR 4.000
31 30 29 28 27 26 25 24 23 22 21 20 19 18 17 16 15 14 13 12 11 10 9 8 7 6 5 4 3 2 1 0

SNR 4.500
31 30 29 28 27 26 25 24 23 22 21 20 19 18 17 16 15 14 13 12 11 10 9 8 7 6 5 4 3 2 1 0

SNR 5.000
31 30 29 28 27 26 25 24 23 22 21 20 19 18 17 16 15 14 13 12 11 10 9 8 7 6 5 4 3 2 1 0

SNR 5.500
31 30 29 28 27 26 25 24 23 22 21 20 19 18 17 16 15 14 13 12 11 10 9 8 7 6 5 4 3 2 1 0

SNR 6.000
31 30 29 28 27 26 25 24 23 22 21 20 19 18 17 16 15 14 13 12 11 10 9 8 7 6 5 4 3 2 1 0

SNR 6.500
31 30 29 28 27 26 25 24 23 22 21 20 19 18 17 16 15 14 13 12 11 10 9 8 7 6 5 4 3 2 1 0

SNR 7.000
31 30 29 28 27 26 25 24 23 22 21 20 19 18 17 16 15 14 13 12 11 10 9 8 7 6 5 4 3 2 1 0

SNR 7.500
31 30 29 28 27 26 25 24 23 22 21 20 19 18 17 16 15 14 13 12 11 10 9 8 7 6 5 4 3 2 1 0

SNR 8.000
31 30 29 28 27 26 25 24 23 22 21 20 19 18 17 16 15 14 13 12 11 10 9 8 7 6 5 4 3 2 1 0

SNR 8.500
31 30 29 28 27 26 25 24 23 22 21 20 19 18 17 16 15 14 13 12 11 10 9 8 7 6 5 4 3 2 1 0

SNR 9.000
31 30 29 28 27 26 25 24 23 22 21 20 19 18 17 16 15 14 13 12 11 10 9 8 7 6 5 4 3 2 1 0

SNR 9.500
31 30 29 28 27 26 25 24 23 22 21 20 19 18 17 16 15 14 13 12 11 10 9 8 7 6 5 4 3 2 1 0

SNR 10.000
31 30 29 28 27 26 25 24 23 22 21 20 19 18 17 16 15 14 13 12 11 10 9 8 7 6 5 4 3 2 1 0

SNR 10.500
31 30 29 28 27 26 25 24 23 22 21 20 19 18 17 16 15 14 13 12 11 10 9 8 7 6 5 4 3 2 1 0

SNR 11.000
31 30 29 28 27 26 25 24 23 22 21 20 19 18 17 16 15 14 13 12 11 10 9 8 7 6 5 4 3 2 1 0

SNR 11.500
31 30 29 28 27 26 25 24 23 22 21 20 19 18 17 16 15 14 13 12 11 10 9 8 7 6 5 4 3 2 1 0

SNR 12.000
31 30 29 28 27 26 25 24 23 22 21 20 19 18 17 16 15 14 13 12 11 10 9 8 7 6 5 4 3 2 1 0

SNR 12.500
31 30 29 28 27 26 25 24 23 22 21 20 19 18 17 16 15 14 13 12 11 10 9 8 7 6 5 4 3 2 1 0

