SNR -20.000
255 254 253 252 251 250 249 247 246 245 243 239 238 237 235 231 223 222 191 221 219 244 248 242 236 215 241 233 234 230 229 220 227 190 189 218 207 217 240 214 127 187 232 213 228 183 211 226 206 188 216 126 205 225 175 186 125 159 123 111 63 119 203 212 95 185 199 182 210 181 179 209 174 173 171 167 124 157 158 155 204 151 143 122 121 117 110 118 79 109 94 115 103 93 87 91 107 62 224 61 55 47 59 31 202 184 201 198 197 195 180 178 177 172 170 169 208 166 165 163 150 154 149 156 153 147 142 141 139 90 105 102 116 106 85 86 83 101 77 108 114 120 89 135 92 75 78 43 60 58 53 45 54 39 51 57 71 46 99 113 30 29 27 23 15 200 196 194 193 176 164 168 148 162 146 145 140 161 152 138 84 137 82 41 100 76 74 42 73 104 44 52 81 38 37 50 88 134 35 49 133 98 25 28 70 69 56 26 21 22 19 67 97 131 112 14 13 11 7 192 144 136 36 40 72 160 20 68 132 24 34 80 18 33 48 17 12 66 130 9 10 65 96 129 6 5 3 16 32 8 4 64 128 2 1 0

SNR -19.500
255 254 253 252 251 250 249 247 246 245 243 239 238 237 235 231 223 222 221 191 219 248 241 244 236 242 234 215 230 233 229 190 189 227 207 220 218 217 214 127 187 213 240 232 228 211 183 206 226 188 205 216 225 186 126 175 212 203 185 125 159 182 123 210 119 95 63 111 199 181 209 204 179 174 173 124 224 171 167 202 158 157 184 155 151 143 122 121 117 118 103 115 93 94 107 109 201 87 79 91 110 61 55 47 59 62 31 198 197 180 195 208 178 177 170 172 169 165 166 163 154 149 153 150 156 147 142 141 139 116 120 102 106 114 90 85 86 135 83 92 101 200 108 89 105 53 54 75 113 58 78 51 77 43 99 60 57 71 46 39 45 27 29 30 23 15 196 194 193 176 164 168 148 162 146 152 161 140 145 138 137 84 82 100 52 74 73 76 42 50 134 81 41 133 44 104 88 37 49 38 70 98 35 26 25 69 28 56 21 19 112 22 131 97 67 13 14 11 7 192 136 144 160 72 40 132 36 20 68 80 24 34 18 48 17 33 12 130 66 10 9 129 65 96 6 5 3 16 8 32 4 64 128 2 1 0

SNR -19.000
255 254 253 252 251 250 249 247 246 245 243 239 238 237 235 231 223 222 221 219 215 191 244 241 242 234 207 236 248 227 233 230 229 190 218 220 127 213 189 214 187 217 211 232 240 228 183 206 188 226 205 225 216 175 186 203 185 126 212 125 210 182 199 181 159 123 209 204 119 179 111 63 174 95 202 224 184 173 124 201 171 167 158 122 157 155 121 151 198 143 180 117 115 118 107 109 103 197 93 110 87 91 79 62 61 94 55 47 59 208 31 178 195 177 172 170 169 166 165 200 163 156 154 153 149 150 147 120 142 141 139 116 114 135 86 106 85 105 108 102 83 196 113 90 101 54 89 77 92 53 60 58 75 78 51 57 39 46 43 99 45 71 30 194 29 27 23 15 193 176 168 164 162 148 161 146 152 145 140 138 137 84 82 134 100 76 52 81 133 41 44 73 42 50 74 104 88 38 37 49 56 35 131 98 70 69 28 21 25 26 19 112 22 67 97 14 13 11 7 192 136 160 144 132 40 36 72 20 68 80 34 18 24 48 17 33 130 66 12 10 129 9 65 96 6 5 3 16 8 32 4 64 128 2 1 0

SNR -18.500
255 254 253 252 251 250 249 248 247 246 245 244 243 242 241 239 238 237 235 231 223 222 221 219 215 207 191 190 230 236 234 233 189 229 187 227 220 127 217 218 214 213 183 211 206 240 205 228 232 226 188 186 203 175 185 225 216 126 212 182 125 210 181 199 209 159 204 123 179 174 202 184 173 119 124 224 201 111 63 95 171 180 198 158 122 167 157 121 208 197 155 178 151 143 117 118 115 195 177 109 110 103 107 93 91 79 87 172 94 62 59 55 47 61 31 200 170 169 166 165 163 156 154 120 153 196 150 149 147 142 141 139 114 116 135 194 113 106 108 105 102 85 90 193 101 86 89 92 176 58 83 78 77 75 54 46 99 45 43 53 51 57 39 60 71 30 27 29 23 15 168 164 162 161 148 152 146 138 140 137 145 134 133 84 100 76 74 41 82 42 104 44 73 52 81 131 112 88 50 38 37 98 35 49 70 28 56 69 26 25 192 21 19 97 22 67 13 14 11 7 160 136 144 132 40 36 72 68 20 34 80 24 130 18 33 48 17 129 12 66 10 96 9 65 6 5 3 16 8 32 128 4 64 2 1 0

SNR -18.000
255 254 253 252 251 250 249 248 247 246 245 244 243 242 241 239 238 237 236 235 234 233 231 230 223 222 221 219 215 207 191 190 189 187 127 229 217 214 227 220 213 183 218 211 186 205 175 206 188 228 240 232 226 185 182 225 203 126 216 212 210 125 181 199 209 123 159 174 204 179 202 173 201 184 119 124 224 171 180 198 122 111 158 95 178 197 63 208 167 121 157 172 177 118 155 195 117 151 143 115 200 170 110 109 103 107 91 79 87 93 94 61 59 47 55 169 62 31 166 120 165 156 196 163 154 153 176 149 150 194 147 116 141 142 139 193 114 135 113 102 108 106 105 101 85 86 78 83 90 77 89 92 75 99 60 58 43 54 46 53 57 51 45 71 39 168 30 29 27 23 15 164 162 161 148 152 146 138 140 145 137 134 133 192 112 84 131 100 104 76 82 42 73 41 74 81 44 52 50 98 70 88 37 49 69 38 28 35 56 25 97 21 26 19 22 67 14 13 11 7 160 136 144 132 72 40 130 36 68 20 129 24 80 18 34 48 17 33 66 12 10 9 96 65 6 5 3 16 8 128 32 4 64 2 1 0

SNR -17.500
255 254 253 252 251 250 249 248 247 246 245 244 243 242 241 239 238 237 236 235 234 233 231 230 229 227 223 222 221 220 219 218 217 215 214 213 207 191 190 189 187 183 127 175 206 205 211 203 188 185 186 232 126 182 228 240 125 181 216 199 226 225 179 212 210 159 123 204 174 202 209 173 201 184 119 124 171 198 180 224 197 158 122 178 167 111 208 121 157 177 172 195 118 95 155 63 200 117 170 151 115 169 110 143 196 109 166 107 120 156 103 94 87 93 91 79 59 165 62 61 47 55 31 176 163 154 194 116 153 150 193 149 147 114 113 141 142 139 168 135 108 106 102 105 101 92 90 86 99 85 89 78 83 77 75 58 60 53 51 164 71 45 54 43 46 57 39 30 27 29 23 162 15 161 152 192 148 146 145 140 138 137 134 112 133 131 100 84 104 82 76 98 74 73 52 42 41 81 88 44 50 37 70 38 97 69 49 35 26 25 56 28 67 21 19 22 14 13 11 7 160 144 136 132 130 72 129 36 40 68 20 80 34 24 18 33 17 48 66 12 96 65 10 9 6 5 3 128 16 32 8 64 4 2 1 0

SNR -17.000
255 254 253 252 251 250 249 248 247 246 245 244 243 242 241 239 238 237 236 235 234 233 231 230 229 227 223 222 221 220 219 218 217 215 214 213 211 207 206 205 191 190 189 187 183 175 127 185 203 126 186 188 125 123 199 240 159 174 181 232 228 179 171 225 226 216 212 209 202 182 119 204 173 210 201 124 167 184 198 122 180 178 158 197 224 121 111 157 172 177 208 195 118 155 170 117 200 169 95 151 166 110 115 196 63 156 120 165 109 143 176 194 154 107 163 94 103 116 93 87 91 79 153 61 47 62 55 59 193 31 168 150 114 149 113 147 142 141 108 139 164 135 106 105 102 101 162 99 90 92 86 85 89 77 83 161 78 75 152 46 53 71 54 58 51 60 45 57 43 39 30 27 29 23 192 15 148 112 146 145 140 138 137 134 133 131 104 100 98 84 74 97 82 73 76 88 81 52 42 44 41 50 38 70 37 160 69 56 49 26 25 35 28 21 22 19 67 14 13 11 7 144 136 132 130 129 72 36 40 68 96 20 80 18 34 24 48 17 66 33 12 65 10 9 6 5 3 128 16 8 32 64 4 2 1 0

SNR -16.500
255 254 253 252 251 250 249 248 247 246 245 244 243 242 241 239 238 237 236 235 234 233 231 230 229 227 223 222 221 220 219 218 217 215 214 213 211 207 206 205 203 199 191 190 189 188 187 186 183 175 159 127 126 125 181 185 182 179 123 173 174 232 226 240 228 119 212 210 225 216 209 202 111 158 171 184 201 167 204 124 197 121 198 157 122 180 118 178 195 224 177 117 155 172 170 208 169 151 200 95 166 115 110 156 196 165 109 120 154 63 143 176 194 107 163 153 116 94 193 168 103 150 114 93 149 91 87 79 62 108 113 55 61 59 164 47 31 147 142 106 141 139 105 162 135 152 102 161 101 99 92 192 90 89 86 85 83 78 77 75 148 71 53 58 54 51 57 46 43 45 60 39 112 30 29 27 23 146 15 145 140 138 137 104 134 133 131 100 160 98 97 84 82 88 76 74 81 73 70 52 42 41 44 50 69 38 37 49 28 26 56 35 25 67 21 22 19 14 13 11 144 7 136 132 130 129 96 72 36 68 40 20 80 18 34 24 17 48 66 33 12 9 65 10 6 5 3 128 16 8 32 4 64 2 1 0

SNR -16.000
255 254 253 252 251 250 249 248 247 246 245 244 243 242 241 239 238 237 236 235 234 233 231 230 229 227 223 222 221 220 219 218 217 215 214 213 211 207 206 205 203 199 191 190 189 188 187 186 185 183 182 181 179 175 159 127 126 125 123 119 174 171 240 232 226 228 173 216 212 210 111 209 225 167 204 202 158 197 198 124 201 184 157 122 155 178 180 118 121 177 172 117 170 195 151 95 224 169 115 208 166 110 165 109 200 156 196 154 120 163 143 107 153 176 194 116 63 150 94 168 114 193 103 149 93 113 108 164 91 147 142 106 62 162 87 79 61 152 141 59 105 55 47 31 161 139 102 92 135 101 148 192 99 112 90 89 146 86 85 83 77 78 75 145 60 71 58 57 54 53 43 46 51 45 140 39 30 29 104 27 23 15 138 137 160 134 133 100 131 98 97 88 84 82 74 81 76 73 70 144 69 52 42 50 44 41 67 56 38 37 26 49 28 25 35 21 22 19 14 13 11 7 136 132 130 129 96 72 80 68 36 40 20 66 34 24 18 17 48 65 33 12 10 9 6 5 3 128 16 8 32 64 4 2 1 0

SNR -15.500
255 254 253 252 251 250 249 248 247 246 245 244 243 242 241 240 239 238 237 236 235 234 233 231 230 229 227 223 222 221 220 219 218 217 215 214 213 211 207 206 205 203 199 191 190 189 188 187 186 185 183 182 181 179 175 174 173 171 159 127 126 125 123 119 111 232 228 167 157 216 212 225 226 202 155 210 204 124 209 158 201 121 180 198 117 197 184 118 178 151 177 195 122 170 115 172 95 166 169 109 110 165 224 156 208 107 154 163 200 143 153 120 196 116 150 94 63 176 194 103 114 149 93 168 193 113 108 164 147 91 106 142 162 105 152 141 62 87 161 102 61 92 148 139 79 101 59 112 55 90 47 31 192 135 146 99 89 145 86 104 140 85 83 60 78 77 75 160 71 138 58 57 54 53 100 51 43 137 45 46 39 30 29 27 23 134 15 133 98 131 97 88 144 84 82 81 76 74 73 70 69 52 67 56 50 42 41 44 38 37 49 136 26 28 25 22 35 21 19 14 13 132 11 7 130 96 129 80 72 68 66 36 40 20 65 24 34 18 48 17 33 12 10 9 6 5 3 128 16 64 8 32 4 2 1 0

SNR -15.000
255 254 253 252 251 250 249 248 247 246 245 244 243 242 241 240 239 238 237 236 235 234 233 232 231 230 229 228 227 226 225 223 222 221 220 219 218 217 216 215 214 213 212 211 210 207 206 205 203 199 191 190 189 188 187 186 185 183 182 181 179 175 174 173 171 167 159 158 157 155 127 126 125 124 123 119 111 95 151 117 118 122 209 202 201 204 197 198 115 178 110 184 121 180 177 195 172 169 109 170 143 107 165 166 163 156 154 103 153 94 224 150 63 208 116 200 120 149 93 196 114 176 91 113 194 108 147 168 193 106 142 164 105 141 162 87 62 102 152 161 92 61 139 101 148 90 79 112 146 59 99 89 135 192 145 86 55 104 140 47 85 31 60 138 100 83 160 78 58 77 137 57 75 98 88 71 134 54 53 97 51 45 43 133 39 46 30 29 144 27 23 131 15 84 82 81 76 136 74 73 56 70 69 67 52 50 49 42 96 44 41 38 132 37 26 28 35 25 22 21 19 130 14 13 129 11 7 80 72 68 66 65 36 40 48 20 34 18 24 17 33 12 10 9 6 128 5 3 64 16 8 32 4 2 1 0

SNR -14.500
255 254 253 252 251 250 249 248 247 246 245 244 243 242 241 240 239 238 237 236 235 234 233 232 231 230 229 228 227 226 225 223 222 221 220 219 218 217 216 215 214 213 212 211 210 209 207 206 205 204 203 202 201 199 198 191 190 189 188 187 186 185 184 183 182 181 180 179 175 174 173 171 167 159 158 157 155 151 127 126 125 124 123 122 121 119 118 117 115 111 110 109 95 177 172 107 178 63 195 143 197 169 170 166 165 103 163 153 154 156 93 150 120 91 94 149 116 224 114 147 200 208 108 194 141 106 87 113 142 196 193 176 102 62 105 168 164 139 162 101 152 61 92 161 79 90 148 99 59 89 146 112 135 86 145 140 104 85 55 192 60 138 100 83 78 47 137 58 160 98 77 88 31 57 134 97 75 54 84 144 133 71 53 51 46 131 45 82 43 39 30 29 27 23 81 15 136 76 56 74 73 96 70 69 52 132 67 50 49 130 42 44 41 38 129 37 35 26 28 22 25 21 19 80 14 13 11 7 72 68 66 65 48 36 40 20 34 18 128 24 33 17 12 10 9 6 5 3 64 16 8 32 4 2 1 0

SNR -14.000
255 254 253 252 251 250 249 248 247 246 245 244 243 242 241 240 239 238 237 236 235 234 233 232 231 230 229 228 227 226 225 223 222 221 220 219 218 217 216 215 214 213 212 211 210 209 207 206 205 204 203 202 201 199 198 197 195 191 190 189 188 187 186 185 184 183 182 181 180 179 178 177 175 174 173 172 171 170 169 167 165 159 158 157 156 155 151 143 127 126 125 124 123 122 121 119 118 117 115 111 110 109 107 103 95 94 93 63 166 87 163 154 91 153 150 149 147 120 116 113 114 108 62 141 208 101 200 224 142 106 176 196 194 61 79 168 105 92 193 59 139 164 102 99 162 152 161 90 135 86 89 148 146 85 55 145 112 140 104 83 60 138 78 100 58 137 77 192 47 98 57 88 134 160 97 75 54 84 133 31 53 144 82 71 131 51 46 81 76 136 45 56 43 74 39 30 29 96 27 23 73 15 132 52 70 69 50 67 49 130 80 44 129 42 41 38 37 35 28 26 25 22 21 19 72 14 13 11 7 68 66 65 48 128 40 36 34 20 33 18 24 17 12 10 9 6 5 3 64 32 16 8 4 2 1 0

SNR -13.500
255 254 253 252 251 250 249 248 247 246 245 244 243 242 241 240 239 238 237 236 235 234 233 232 231 230 229 228 227 226 225 223 222 221 220 219 218 217 216 215 214 213 212 211 210 209 207 206 205 204 203 202 201 199 198 197 195 191 190 189 188 187 186 185 184 183 182 181 180 179 178 177 175 174 173 172 171 170 169 167 166 165 163 159 158 157 156 155 154 153 151 150 149 147 143 127 126 125 124 123 122 121 120 119 118 117 115 111 110 109 107 103 95 94 93 91 87 63 62 116 113 141 114 79 108 61 142 59 139 106 105 92 101 224 208 99 102 89 200 55 168 176 86 193 164 135 85 194 90 161 196 152 162 83 146 148 145 78 112 140 60 77 104 138 47 58 57 137 100 75 98 88 54 134 97 192 84 53 133 160 31 82 71 51 144 46 81 76 131 45 74 56 136 43 73 52 96 30 132 70 39 29 50 69 27 80 23 130 49 15 44 67 129 42 72 41 38 37 28 35 26 25 68 21 22 19 14 13 48 11 66 7 65 128 40 36 34 33 24 20 18 12 17 10 9 6 5 3 64 32 8 16 4 2 1 0

SNR -13.000
255 254 253 252 251 250 249 248 247 246 245 244 243 242 241 240 239 238 237 236 235 234 233 232 231 230 229 228 227 226 225 223 222 221 220 219 218 217 216 215 214 213 212 211 210 209 207 206 205 204 203 202 201 199 198 197 195 191 190 189 188 187 186 185 184 183 182 181 180 179 178 177 175 174 173 172 171 170 169 167 166 165 163 159 158 157 156 155 154 153 151 150 149 147 143 142 141 139 127 126 125 124 123 122 121 120 119 118 117 116 115 114 113 111 110 109 108 107 106 105 103 102 95 94 93 91 87 79 63 62 61 59 55 101 99 92 135 89 85 90 224 208 86 200 83 196 176 47 194 78 168 164 152 75 77 162 193 58 161 146 148 145 60 140 57 104 138 112 98 100 71 53 134 54 137 88 97 133 51 84 31 46 82 81 76 192 45 131 160 74 144 43 56 73 136 52 30 70 50 96 132 39 69 29 49 44 80 130 27 67 42 72 23 129 41 15 38 28 68 37 48 35 26 25 66 22 21 19 65 14 13 11 40 128 7 36 34 33 24 20 18 17 64 12 10 9 6 5 3 32 16 8 4 2 1 0

SNR -12.500
255 254 253 252 251 250 249 248 247 246 245 244 243 242 241 240 239 238 237 236 235 234 233 232 231 230 229 228 227 226 225 223 222 221 220 219 218 217 216 215 214 213 212 211 210 209 208 207 206 205 204 203 202 201 199 198 197 195 191 190 189 188 187 186 185 184 183 182 181 180 179 178 177 175 174 173 172 171 170 169 167 166 165 163 159 158 157 156 155 154 153 151 150 149 147 143 142 141 139 135 127 126 125 124 123 122 121 120 119 118 117 116 115 114 113 111 110 109 108 107 106 105 103 102 101 99 95 94 93 92 91 90 89 87 86 85 83 79 63 62 61 59 55 47 200 196 60 78 77 224 58 194 75 152 176 193 162 54 71 53 148 168 146 161 31 57 145 100 140 138 104 51 137 164 46 97 112 134 98 133 88 45 84 76 131 82 81 74 73 43 192 160 56 30 70 39 52 144 69 29 50 136 49 44 132 27 96 67 42 80 130 41 72 23 38 129 28 37 68 15 48 26 35 66 25 40 22 65 21 19 128 14 36 13 11 7 34 24 33 64 20 18 17 12 10 9 6 5 3 32 16 8 4 2 1 0

SNR -12.000
255 254 253 252 251 250 249 248 247 246 245 244 243 242 241 240 239 238 237 236 235 234 233 232 231 230 229 228 227 226 225 224 223 222 221 220 219 218 217 216 215 214 213 212 211 210 209 207 206 205 204 203 202 201 200 199 198 197 196 195 191 190 189 188 187 186 185 184 183 182 181 180 179 178 177 176 175 174 173 172 171 170 169 168 167 166 165 163 159 158 157 156 155 154 153 151 150 149 147 143 142 141 139 135 127 126 125 124 123 122 121 120 119 118 117 116 115 114 113 111 110 109 108 107 106 105 103 102 101 99 95 94 93 92 91 90 89 87 86 85 83 79 78 77 75 71 63 62 61 60 59 58 57 55 54 53 47 31 208 164 162 193 152 51 146 43 194 145 138 45 140 104 137 98 161 133 46 148 112 100 134 97 88 82 131 76 30 74 84 29 73 39 56 52 70 81 44 192 27 69 160 50 144 49 67 42 23 136 41 132 96 130 38 80 37 28 72 129 26 68 15 35 48 25 66 22 40 65 21 36 19 14 128 34 24 13 11 33 7 20 64 18 17 12 10 9 32 6 5 3 16 8 4 2 1 0

SNR -11.500
255 254 253 252 251 250 249 248 247 246 245 244 243 242 241 240 239 238 237 236 235 234 233 232 231 230 229 228 227 226 225 224 223 222 221 220 219 218 217 216 215 214 213 212 211 210 209 208 207 206 205 204 203 202 201 200 199 198 197 196 195 194 193 191 190 189 188 187 186 185 184 183 182 181 180 179 178 177 176 175 174 173 172 171 170 169 168 167 166 165 164 163 162 161 159 158 157 156 155 154 153 152 151 150 149 148 147 146 145 143 142 141 140 139 138 137 135 127 126 125 124 123 122 121 120 119 118 117 116 115 114 113 111 110 109 108 107 106 105 103 102 101 99 95 94 93 92 91 90 89 87 86 85 83 79 78 77 75 71 63 62 61 60 59 58 57 55 54 53 51 47 46 45 43 39 31 30 100 104 112 134 88 27 29 82 133 74 98 84 76 131 97 73 81 70 56 69 23 52 49 67 42 44 50 192 41 38 144 160 136 96 132 28 35 37 26 15 130 80 129 72 25 68 22 66 48 21 40 65 19 36 14 34 13 24 33 128 20 11 18 7 64 17 12 32 10 9 6 5 3 16 8 4 2 1 0

SNR -11.000
255 254 253 252 251 250 249 248 247 246 245 244 243 242 241 240 239 238 237 236 235 234 233 232 231 230 229 228 227 226 225 224 223 222 221 220 219 218 217 216 215 214 213 212 211 210 209 208 207 206 205 204 203 202 201 200 199 198 197 196 195 194 193 191 190 189 188 187 186 185 184 183 182 181 180 179 178 177 176 175 174 173 172 171 170 169 168 167 166 165 164 163 162 161 159 158 157 156 155 154 153 152 151 150 149 148 147 146 145 143 142 141 140 139 138 137 135 134 127 126 125 124 123 122 121 120 119 118 117 116 115 114 113 112 111 110 109 108 107 106 105 104 103 102 101 100 99 95 94 93 92 91 90 89 88 87 86 85 83 82 79 78 77 75 71 63 62 61 60 59 58 57 55 54 53 51 47 46 45 43 39 31 30 29 27 23 98 131 133 74 76 97 81 56 84 50 69 73 70 15 44 41 49 42 38 37 67 35 52 28 192 26 160 22 144 136 130 25 132 80 21 96 129 72 19 68 66 48 40 14 65 13 36 34 24 33 11 20 18 128 7 17 12 64 10 32 9 6 16 5 3 8 4 1 2 0

SNR -10.500
255 254 253 252 251 250 249 248 247 246 245 244 243 242 241 240 239 238 237 236 235 234 233 232 231 230 229 228 227 226 225 224 223 222 221 220 219 218 217 216 215 214 213 212 211 210 209 208 207 206 205 204 203 202 201 200 199 198 197 196 195 194 193 191 190 189 188 187 186 185 184 183 182 181 180 179 178 177 176 175 174 173 172 171 170 169 168 167 166 165 164 163 162 161 159 158 157 156 155 154 153 152 151 150 149 148 147 146 145 143 142 141 140 139 138 137 135 134 133 131 127 126 125 124 123 122 121 120 119 118 117 116 115 114 113 112 111 110 109 108 107 106 105 104 103 102 101 100 99 98 97 95 94 93 92 91 90 89 88 87 86 85 84 83 82 81 79 78 77 76 75 74 73 71 70 67 63 62 61 60 59 58 57 56 55 54 53 51 50 47 46 45 43 39 31 30 29 27 23 15 41 44 52 69 42 38 49 37 35 28 26 25 22 136 19 160 132 14 21 192 130 129 96 13 144 66 68 48 72 40 11 80 36 65 34 24 33 20 18 7 17 12 128 10 64 9 32 6 16 5 3 8 4 2 1 0

SNR -10.000
255 254 253 252 251 250 249 248 247 246 245 244 243 242 241 240 239 238 237 236 235 234 233 232 231 230 229 228 227 226 225 224 223 222 221 220 219 218 217 216 215 214 213 212 211 210 209 208 207 206 205 204 203 202 201 200 199 198 197 196 195 194 193 191 190 189 188 187 186 185 184 183 182 181 180 179 178 177 176 175 174 173 172 171 170 169 168 167 166 165 164 163 162 161 159 158 157 156 155 154 153 152 151 150 149 148 147 146 145 143 142 141 140 139 138 137 135 134 133 131 127 126 125 124 123 122 121 120 119 118 117 116 115 114 113 112 111 110 109 108 107 106 105 104 103 102 101 100 99 98 97 95 94 93 92 91 90 89 88 87 86 85 84 83 82 81 79 78 77 76 75 74 73 71 70 69 67 63 62 61 60 59 58 57 56 55 54 53 52 51 50 49 47 46 45 44 43 42 41 39 31 30 29 28 27 26 25 23 15 22 21 35 38 37 19 14 160 192 144 136 96 13 11 132 68 80 72 129 66 48 130 7 40 65 24 36 34 20 17 33 18 12 10 9 128 64 6 32 5 16 3 8 4 2 1 0

SNR -9.500
255 254 253 252 251 250 249 248 247 246 245 244 243 242 241 240 239 238 237 236 235 234 233 232 231 230 229 228 227 226 225 224 223 222 221 220 219 218 217 216 215 214 213 212 211 210 209 208 207 206 205 204 203 202 201 200 199 198 197 196 195 194 193 191 190 189 188 187 186 185 184 183 182 181 180 179 178 177 176 175 174 173 172 171 170 169 168 167 166 165 164 163 162 161 159 158 157 156 155 154 153 152 151 150 149 148 147 146 145 143 142 141 140 139 138 137 135 134 133 131 127 126 125 124 123 122 121 120 119 118 117 116 115 114 113 112 111 110 109 108 107 106 105 104 103 102 101 100 99 98 97 95 94 93 92 91 90 89 88 87 86 85 84 83 82 81 79 78 77 76 75 74 73 71 70 69 67 63 62 61 60 59 58 57 56 55 54 53 52 51 50 49 47 46 45 44 43 42 41 39 38 37 35 31 30 29 28 27 26 25 23 22 21 19 15 14 13 11 160 192 144 7 136 96 132 130 72 129 48 40 65 68 66 34 24 36 17 80 20 18 33 10 12 9 6 5 128 64 3 32 16 8 4 2 1 0

SNR -9.000
255 254 253 252 251 250 249 248 247 246 245 244 243 242 241 240 239 238 237 236 235 234 233 232 231 230 229 228 227 226 225 224 223 222 221 220 219 218 217 216 215 214 213 212 211 210 209 208 207 206 205 204 203 202 201 200 199 198 197 196 195 194 193 192 191 190 189 188 187 186 185 184 183 182 181 180 179 178 177 176 175 174 173 172 171 170 169 168 167 166 165 164 163 162 161 159 158 157 156 155 154 153 152 151 150 149 148 147 146 145 143 142 141 140 139 138 137 135 134 133 131 127 126 125 124 123 122 121 120 119 118 117 116 115 114 113 112 111 110 109 108 107 106 105 104 103 102 101 100 99 98 97 95 94 93 92 91 90 89 88 87 86 85 84 83 82 81 79 78 77 76 75 74 73 71 70 69 67 63 62 61 60 59 58 57 56 55 54 53 52 51 50 49 47 46 45 44 43 42 41 39 38 37 35 31 30 29 28 27 26 25 23 22 21 19 15 14 13 11 7 160 144 132 130 80 68 48 72 129 96 66 136 34 40 65 20 36 12 24 33 18 10 17 9 6 5 3 128 32 64 16 8 4 2 1 0

SNR -8.500
255 254 253 252 251 250 249 248 247 246 245 244 243 242 241 240 239 238 237 236 235 234 233 232 231 230 229 228 227 226 225 224 223 222 221 220 219 218 217 216 215 214 213 212 211 210 209 208 207 206 205 204 203 202 201 200 199 198 197 196 195 194 193 192 191 190 189 188 187 186 185 184 183 182 181 180 179 178 177 176 175 174 173 172 171 170 169 168 167 166 165 164 163 162 161 160 159 158 157 156 155 154 153 152 151 150 149 148 147 146 145 144 143 142 141 140 139 138 137 136 135 134 133 131 130 129 127 126 125 124 123 122 121 120 119 118 117 116 115 114 113 112 111 110 109 108 107 106 105 104 103 102 101 100 99 98 97 96 95 94 93 92 91 90 89 88 87 86 85 84 83 82 81 80 79 78 77 76 75 74 73 72 71 70 69 68 67 65 63 62 61 60 59 58 57 56 55 54 53 52 51 50 49 48 47 46 45 44 43 42 41 40 39 38 37 35 31 30 29 28 27 26 25 23 22 21 19 15 14 13 11 7 66 132 33 34 24 20 36 18 12 17 9 10 6 5 3 128 32 64 16 8 4 2 1 0

SNR -8.000
255 254 253 252 251 250 249 248 247 246 245 244 243 242 241 240 239 238 237 236 235 234 233 232 231 230 229 228 227 226 225 224 223 222 221 220 219 218 217 216 215 214 213 212 211 210 209 208 207 206 205 204 203 202 201 200 199 198 197 196 195 194 193 192 191 190 189 188 187 186 185 184 183 182 181 180 179 178 177 176 175 174 173 172 171 170 169 168 167 166 165 164 163 162 161 160 159 158 157 156 155 154 153 152 151 150 149 148 147 146 145 144 143 142 141 140 139 138 137 136 135 134 133 132 131 130 129 127 126 125 124 123 122 121 120 119 118 117 116 115 114 113 112 111 110 109 108 107 106 105 104 103 102 101 100 99 98 97 96 95 94 93 92 91 90 89 88 87 86 85 84 83 82 81 80 79 78 77 76 75 74 73 72 71 70 69 68 67 66 65 63 62 61 60 59 58 57 56 55 54 53 52 51 50 49 48 47 46 45 44 43 42 41 40 39 38 37 36 35 34 33 31 30 29 28 27 26 25 24 23 22 21 20 19 18 17 15 14 13 11 7 10 9 6 12 5 3 128 64 32 16 8 4 2 1 0

SNR -7.500
255 254 253 252 251 250 249 248 247 246 245 244 243 242 241 240 239 238 237 236 235 234 233 232 231 230 229 228 227 226 225 224 223 222 221 220 219 218 217 216 215 214 213 212 211 210 209 208 207 206 205 204 203 202 201 200 199 198 197 196 195 194 193 192 191 190 189 188 187 186 185 184 183 182 181 180 179 178 177 176 175 174 173 172 171 170 169 168 167 166 165 164 163 162 161 160 159 158 157 156 155 154 153 152 151 150 149 148 147 146 145 144 143 142 141 140 139 138 137 136 135 134 133 132 131 130 129 127 126 125 124 123 122 121 120 119 118 117 116 115 114 113 112 111 110 109 108 107 106 105 104 103 102 101 100 99 98 97 96 95 94 93 92 91 90 89 88 87 86 85 84 83 82 81 80 79 78 77 76 75 74 73 72 71 70 69 68 67 66 65 63 62 61 60 59 58 57 56 55 54 53 52 51 50 49 48 47 46 45 44 43 42 41 40 39 38 37 36 35 34 33 31 30 29 28 27 26 25 24 23 22 21 20 19 18 17 15 14 13 12 11 10 9 7 6 5 3 128 64 16 8 32 2 1 4 0

SNR -7.000
255 254 253 252 251 250 249 248 247 246 245 244 243 242 241 240 239 238 237 236 235 234 233 232 231 230 229 228 227 226 225 224 223 222 221 220 219 218 217 216 215 214 213 212 211 210 209 208 207 206 205 204 203 202 201 200 199 198 197 196 195 194 193 192 191 190 189 188 187 186 185 184 183 182 181 180 179 178 177 176 175 174 173 172 171 170 169 168 167 166 165 164 163 162 161 160 159 158 157 156 155 154 153 152 151 150 149 148 147 146 145 144 143 142 141 140 139 138 137 136 135 134 133 132 131 130 129 127 126 125 124 123 122 121 120 119 118 117 116 115 114 113 112 111 110 109 108 107 106 105 104 103 102 101 100 99 98 97 96 95 94 93 92 91 90 89 88 87 86 85 84 83 82 81 80 79 78 77 76 75 74 73 72 71 70 69 68 67 66 65 63 62 61 60 59 58 57 56 55 54 53 52 51 50 49 48 47 46 45 44 43 42 41 40 39 38 37 36 35 34 33 31 30 29 28 27 26 25 24 23 22 21 20 19 18 17 15 14 13 12 11 10 9 7 6 5 3 128 64 16 32 8 4 1 2 0

SNR -6.500
255 254 253 252 251 250 249 248 247 246 245 244 243 242 241 240 239 238 237 236 235 234 233 232 231 230 229 228 227 226 225 224 223 222 221 220 219 218 217 216 215 214 213 212 211 210 209 208 207 206 205 204 203 202 201 200 199 198 197 196 195 194 193 192 191 190 189 188 187 186 185 184 183 182 181 180 179 178 177 176 175 174 173 172 171 170 169 168 167 166 165 164 163 162 161 160 159 158 157 156 155 154 153 152 151 150 149 148 147 146 145 144 143 142 141 140 139 138 137 136 135 134 133 132 131 130 129 127 126 125 124 123 122 121 120 119 118 117 116 115 114 113 112 111 110 109 108 107 106 105 104 103 102 101 100 99 98 97 96 95 94 93 92 91 90 89 88 87 86 85 84 83 82 81 80 79 78 77 76 75 74 73 72 71 70 69 68 67 66 65 63 62 61 60 59 58 57 56 55 54 53 52 51 50 49 48 47 46 45 44 43 42 41 40 39 38 37 36 35 34 33 31 30 29 28 27 26 25 24 23 22 21 20 19 18 17 15 14 13 12 11 10 9 7 6 5 3 128 32 16 64 4 2 8 1 0

SNR -6.000
255 254 253 252 251 250 249 248 247 246 245 244 243 242 241 240 239 238 237 236 235 234 233 232 231 230 229 228 227 226 225 224 223 222 221 220 219 218 217 216 215 214 213 212 211 210 209 208 207 206 205 204 203 202 201 200 199 198 197 196 195 194 193 192 191 190 189 188 187 186 185 184 183 182 181 180 179 178 177 176 175 174 173 172 171 170 169 168 167 166 165 164 163 162 161 160 159 158 157 156 155 154 153 152 151 150 149 148 147 146 145 144 143 142 141 140 139 138 137 136 135 134 133 132 131 130 129 128 127 126 125 124 123 122 121 120 119 118 117 116 115 114 113 112 111 110 109 108 107 106 105 104 103 102 101 100 99 98 97 96 95 94 93 92 91 90 89 88 87 86 85 84 83 82 81 80 79 78 77 76 75 74 73 72 71 70 69 68 67 66 65 64 63 62 61 60 59 58 57 56 55 54 53 52 51 50 49 48 47 46 45 44 43 42 41 40 39 38 37 36 35 34 33 31 30 29 28 27 26 25 24 23 22 21 20 19 18 17 15 14 13 12 11 10 9 7 6 5 3 16 32 8 2 4 1 0

SNR -5.500
255 254 253 252 251 250 249 248 247 246 245 244 243 242 241 240 239 238 237 236 235 234 233 232 231 230 229 228 227 226 225 224 223 222 221 220 219 218 217 216 215 214 213 212 211 210 209 208 207 206 205 204 203 202 201 200 199 198 197 196 195 194 193 192 191 190 189 188 187 186 185 184 183 182 181 180 179 178 177 176 175 174 173 172 171 170 169 168 167 166 165 164 163 162 161 160 159 158 157 156 155 154 153 152 151 150 149 148 147 146 145 144 143 142 141 140 139 138 137 136 135 134 133 132 131 130 129 128 127 126 125 124 123 122 121 120 119 118 117 116 115 114 113 112 111 110 109 108 107 106 105 104 103 102 101 100 99 98 97 96 95 94 93 92 91 90 89 88 87 86 85 84 83 82 81 80 79 78 77 76 75 74 73 72 71 70 69 68 67 66 65 64 63 62 61 60 59 58 57 56 55 54 53 52 51 50 49 48 47 46 45 44 43 42 41 40 39 38 37 36 35 34 33 32 31 30 29 28 27 26 25 24 23 22 21 20 19 18 17 16 15 14 13 12 11 10 9 8 7 6 5 4 3 2 1 0

SNR -5.000
255 254 253 252 251 250 249 248 247 246 245 244 243 242 241 240 239 238 237 236 235 234 233 232 231 230 229 228 227 226 225 224 223 222 221 220 219 218 217 216 215 214 213 212 211 210 209 208 207 206 205 204 203 202 201 200 199 198 197 196 195 194 193 192 191 190 189 188 187 186 185 184 183 182 181 180 179 178 177 176 175 174 173 172 171 170 169 168 167 166 165 164 163 162 161 160 159 158 157 156 155 154 153 152 151 150 149 148 147 146 145 144 143 142 141 140 139 138 137 136 135 134 133 132 131 130 129 128 127 126 125 124 123 122 121 120 119 118 117 116 115 114 113 112 111 110 109 108 107 106 105 104 103 102 101 100 99 98 97 96 95 94 93 92 91 90 89 88 87 86 85 84 83 82 81 80 79 78 77 76 75 74 73 72 71 70 69 68 67 66 65 64 63 62 61 60 59 58 57 56 55 54 53 52 51 50 49 48 47 46 45 44 43 42 41 40 39 38 37 36 35 34 33 32 31 30 29 28 27 26 25 24 23 22 21 20 19 18 17 16 15 14 13 12 11 10 9 8 7 6 5 4 3 2 1 0

SNR -4.500
255 254 253 252 251 250 249 248 247 246 245 244 243 242 241 240 239 238 237 236 235 234 233 232 231 230 229 228 227 226 225 224 223 222 221 220 219 218 217 216 215 214 213 212 211 210 209 208 207 206 205 204 203 202 201 200 199 198 197 196 195 194 193 192 191 190 189 188 187 186 185 184 183 182 181 180 179 178 177 176 175 174 173 172 171 170 169 168 167 166 165 164 163 162 161 160 159 158 157 156 155 154 153 152 151 150 149 148 147 146 145 144 143 142 141 140 139 138 137 136 135 134 133 132 131 130 129 128 127 126 125 124 123 122 121 120 119 118 117 116 115 114 113 112 111 110 109 108 107 106 105 104 103 102 101 100 99 98 97 96 95 94 93 92 91 90 89 88 87 86 85 84 83 82 81 80 79 78 77 76 75 74 73 72 71 70 69 68 67 66 65 64 63 62 61 60 59 58 57 56 55 54 53 52 51 50 49 48 47 46 45 44 43 42 41 40 39 38 37 36 35 34 33 32 31 30 29 28 27 26 25 24 23 22 21 20 19 18 17 16 15 14 13 12 11 10 9 8 7 6 5 4 3 2 1 0

SNR -4.000
255 254 253 252 251 250 249 248 247 246 245 244 243 242 241 240 239 238 237 236 235 234 233 232 231 230 229 228 227 226 225 224 223 222 221 220 219 218 217 216 215 214 213 212 211 210 209 208 207 206 205 204 203 202 201 200 199 198 197 196 195 194 193 192 191 190 189 188 187 186 185 184 183 182 181 180 179 178 177 176 175 174 173 172 171 170 169 168 167 166 165 164 163 162 161 160 159 158 157 156 155 154 153 152 151 150 149 148 147 146 145 144 143 142 141 140 139 138 137 136 135 134 133 132 131 130 129 128 127 126 125 124 123 122 121 120 119 118 117 116 115 114 113 112 111 110 109 108 107 106 105 104 103 102 101 100 99 98 97 96 95 94 93 92 91 90 89 88 87 86 85 84 83 82 81 80 79 78 77 76 75 74 73 72 71 70 69 68 67 66 65 64 63 62 61 60 59 58 57 56 55 54 53 52 51 50 49 48 47 46 45 44 43 42 41 40 39 38 37 36 35 34 33 32 31 30 29 28 27 26 25 24 23 22 21 20 19 18 17 16 15 14 13 12 11 10 9 8 7 6 5 4 3 2 1 0

SNR -3.500
255 254 253 252 251 250 249 248 247 246 245 244 243 242 241 240 239 238 237 236 235 234 233 232 231 230 229 228 227 226 225 224 223 222 221 220 219 218 217 216 215 214 213 212 211 210 209 208 207 206 205 204 203 202 201 200 199 198 197 196 195 194 193 192 191 190 189 188 187 186 185 184 183 182 181 180 179 178 177 176 175 174 173 172 171 170 169 168 167 166 165 164 163 162 161 160 159 158 157 156 155 154 153 152 151 150 149 148 147 146 145 144 143 142 141 140 139 138 137 136 135 134 133 132 131 130 129 128 127 126 125 124 123 122 121 120 119 118 117 116 115 114 113 112 111 110 109 108 107 106 105 104 103 102 101 100 99 98 97 96 95 94 93 92 91 90 89 88 87 86 85 84 83 82 81 80 79 78 77 76 75 74 73 72 71 70 69 68 67 66 65 64 63 62 61 60 59 58 57 56 55 54 53 52 51 50 49 48 47 46 45 44 43 42 41 40 39 38 37 36 35 34 33 32 31 30 29 28 27 26 25 24 23 22 21 20 19 18 17 16 15 14 13 12 11 10 9 8 7 6 5 4 3 2 1 0

SNR -3.000
255 254 253 252 251 250 249 248 247 246 245 244 243 242 241 240 239 238 237 236 235 234 233 232 231 230 229 228 227 226 225 224 223 222 221 220 219 218 217 216 215 214 213 212 211 210 209 208 207 206 205 204 203 202 201 200 199 198 197 196 195 194 193 192 191 190 189 188 187 186 185 184 183 182 181 180 179 178 177 176 175 174 173 172 171 170 169 168 167 166 165 164 163 162 161 160 159 158 157 156 155 154 153 152 151 150 149 148 147 146 145 144 143 142 141 140 139 138 137 136 135 134 133 132 131 130 129 128 127 126 125 124 123 122 121 120 119 118 117 116 115 114 113 112 111 110 109 108 107 106 105 104 103 102 101 100 99 98 97 96 95 94 93 92 91 90 89 88 87 86 85 84 83 82 81 80 79 78 77 76 75 74 73 72 71 70 69 68 67 66 65 64 63 62 61 60 59 58 57 56 55 54 53 52 51 50 49 48 47 46 45 44 43 42 41 40 39 38 37 36 35 34 33 32 31 30 29 28 27 26 25 24 23 22 21 20 19 18 17 16 15 14 13 12 11 10 9 8 7 6 5 4 3 2 1 0

SNR -2.500
255 254 253 252 251 250 249 248 247 246 245 244 243 242 241 240 239 238 237 236 235 234 233 232 231 230 229 228 227 226 225 224 223 222 221 220 219 218 217 216 215 214 213 212 211 210 209 208 207 206 205 204 203 202 201 200 199 198 197 196 195 194 193 192 191 190 189 188 187 186 185 184 183 182 181 180 179 178 177 176 175 174 173 172 171 170 169 168 167 166 165 164 163 162 161 160 159 158 157 156 155 154 153 152 151 150 149 148 147 146 145 144 143 142 141 140 139 138 137 136 135 134 133 132 131 130 129 128 127 126 125 124 123 122 121 120 119 118 117 116 115 114 113 112 111 110 109 108 107 106 105 104 103 102 101 100 99 98 97 96 95 94 93 92 91 90 89 88 87 86 85 84 83 82 81 80 79 78 77 76 75 74 73 72 71 70 69 68 67 66 65 64 63 62 61 60 59 58 57 56 55 54 53 52 51 50 49 48 47 46 45 44 43 42 41 40 39 38 37 36 35 34 33 32 31 30 29 28 27 26 25 24 23 22 21 20 19 18 17 16 15 14 13 12 11 10 9 8 7 6 5 4 3 2 1 0

SNR -2.000
255 254 253 252 251 250 249 248 247 246 245 244 243 242 241 240 239 238 237 236 235 234 233 232 231 230 229 228 227 226 225 224 223 222 221 220 219 218 217 216 215 214 213 212 211 210 209 208 207 206 205 204 203 202 201 200 199 198 197 196 195 194 193 192 191 190 189 188 187 186 185 184 183 182 181 180 179 178 177 176 175 174 173 172 171 170 169 168 167 166 165 164 163 162 161 160 159 158 157 156 155 154 153 152 151 150 149 148 147 146 145 144 143 142 141 140 139 138 137 136 135 134 133 132 131 130 129 128 127 126 125 124 123 122 121 120 119 118 117 116 115 114 113 112 111 110 109 108 107 106 105 104 103 102 101 100 99 98 97 96 95 94 93 92 91 90 89 88 87 86 85 84 83 82 81 80 79 78 77 76 75 74 73 72 71 70 69 68 67 66 65 64 63 62 61 60 59 58 57 56 55 54 53 52 51 50 49 48 47 46 45 44 43 42 41 40 39 38 37 36 35 34 33 32 31 30 29 28 27 26 25 24 23 22 21 20 19 18 17 16 15 14 13 12 11 10 9 8 7 6 5 4 3 2 1 0

SNR -1.500
255 254 253 252 251 250 249 248 247 246 245 244 243 242 241 240 239 238 237 236 235 234 233 232 231 230 229 228 227 226 225 224 223 222 221 220 219 218 217 216 215 214 213 212 211 210 209 208 207 206 205 204 203 202 201 200 199 198 197 196 195 194 193 192 191 190 189 188 187 186 185 184 183 182 181 180 179 178 177 176 175 174 173 172 171 170 169 168 167 166 165 164 163 162 161 160 159 158 157 156 155 154 153 152 151 150 149 148 147 146 145 144 143 142 141 140 139 138 137 136 135 134 133 132 131 130 129 128 127 126 125 124 123 122 121 120 119 118 117 116 115 114 113 112 111 110 109 108 107 106 105 104 103 102 101 100 99 98 97 96 95 94 93 92 91 90 89 88 87 86 85 84 83 82 81 80 79 78 77 76 75 74 73 72 71 70 69 68 67 66 65 64 63 62 61 60 59 58 57 56 55 54 53 52 51 50 49 48 47 46 45 44 43 42 41 40 39 38 37 36 35 34 33 32 31 30 29 28 27 26 25 24 23 22 21 20 19 18 17 16 15 14 13 12 11 10 9 8 7 6 5 4 3 2 1 0

SNR -1.000
255 254 253 252 251 250 249 248 247 246 245 244 243 242 241 240 239 238 237 236 235 234 233 232 231 230 229 228 227 226 225 224 223 222 221 220 219 218 217 216 215 214 213 212 211 210 209 208 207 206 205 204 203 202 201 200 199 198 197 196 195 194 193 192 191 190 189 188 187 186 185 184 183 182 181 180 179 178 177 176 175 174 173 172 171 170 169 168 167 166 165 164 163 162 161 160 159 158 157 156 155 154 153 152 151 150 149 148 147 146 145 144 143 142 141 140 139 138 137 136 135 134 133 132 131 130 129 128 127 126 125 124 123 122 121 120 119 118 117 116 115 114 113 112 111 110 109 108 107 106 105 104 103 102 101 100 99 98 97 96 95 94 93 92 91 90 89 88 87 86 85 84 83 82 81 80 79 78 77 76 75 74 73 72 71 70 69 68 67 66 65 64 63 62 61 60 59 58 57 56 55 54 53 52 51 50 49 48 47 46 45 44 43 42 41 40 39 38 37 36 35 34 33 32 31 30 29 28 27 26 25 24 23 22 21 20 19 18 17 16 15 14 13 12 11 10 9 8 7 6 5 4 3 2 1 0

SNR -0.500
255 254 253 252 251 250 249 248 247 246 245 244 243 242 241 240 239 238 237 236 235 234 233 232 231 230 229 228 227 226 225 224 223 222 221 220 219 218 217 216 215 214 213 212 211 210 209 208 207 206 205 204 203 202 201 200 199 198 197 196 195 194 193 192 191 190 189 188 187 186 185 184 183 182 181 180 179 178 177 176 175 174 173 172 171 170 169 168 167 166 165 164 163 162 161 160 159 158 157 156 155 154 153 152 151 150 149 148 147 146 145 144 143 142 141 140 139 138 137 136 135 134 133 132 131 130 129 128 127 126 125 124 123 122 121 120 119 118 117 116 115 114 113 112 111 110 109 108 107 106 105 104 103 102 101 100 99 98 97 96 95 94 93 92 91 90 89 88 87 86 85 84 83 82 81 80 79 78 77 76 75 74 73 72 71 70 69 68 67 66 65 64 63 62 61 60 59 58 57 56 55 54 53 52 51 50 49 48 47 46 45 44 43 42 41 40 39 38 37 36 35 34 33 32 31 30 29 28 27 26 25 24 23 22 21 20 19 18 17 16 15 14 13 12 11 10 9 8 7 6 5 4 3 2 1 0

SNR 0.000
255 254 253 252 251 250 249 248 247 246 245 244 243 242 241 240 239 238 237 236 235 234 233 232 231 230 229 228 227 226 225 224 223 222 221 220 219 218 217 216 215 214 213 212 211 210 209 208 207 206 205 204 203 202 201 200 199 198 197 196 195 194 193 192 191 190 189 188 187 186 185 184 183 182 181 180 179 178 177 176 175 174 173 172 171 170 169 168 167 166 165 164 163 162 161 160 159 158 157 156 155 154 153 152 151 150 149 148 147 146 145 144 143 142 141 140 139 138 137 136 135 134 133 132 131 130 129 128 127 126 125 124 123 122 121 120 119 118 117 116 115 114 113 112 111 110 109 108 107 106 105 104 103 102 101 100 99 98 97 96 95 94 93 92 91 90 89 88 87 86 85 84 83 82 81 80 79 78 77 76 75 74 73 72 71 70 69 68 67 66 65 64 63 62 61 60 59 58 57 56 55 54 53 52 51 50 49 48 47 46 45 44 43 42 41 40 39 38 37 36 35 34 33 32 31 30 29 28 27 26 25 24 23 22 21 20 19 18 17 16 15 14 13 12 11 10 9 8 7 6 5 4 3 2 1 0

SNR 0.500
255 254 253 252 251 250 249 248 247 246 245 244 243 242 241 240 239 238 237 236 235 234 233 232 231 230 229 228 227 226 225 224 223 222 221 220 219 218 217 216 215 214 213 212 211 210 209 208 207 206 205 204 203 202 201 200 199 198 197 196 195 194 193 192 191 190 189 188 187 186 185 184 183 182 181 180 179 178 177 176 175 174 173 172 171 170 169 168 167 166 165 164 163 162 161 160 159 158 157 156 155 154 153 152 151 150 149 148 147 146 145 144 143 142 141 140 139 138 137 136 135 134 133 132 131 130 129 128 127 126 125 124 123 122 121 120 119 118 117 116 115 114 113 112 111 110 109 108 107 106 105 104 103 102 101 100 99 98 97 96 95 94 93 92 91 90 89 88 87 86 85 84 83 82 81 80 79 78 77 76 75 74 73 72 71 70 69 68 67 66 65 64 63 62 61 60 59 58 57 56 55 54 53 52 51 50 49 48 47 46 45 44 43 42 41 40 39 38 37 36 35 34 33 32 31 30 29 28 27 26 25 24 23 22 21 20 19 18 17 16 15 14 13 12 11 10 9 8 7 6 5 4 3 2 1 0

SNR 1.000
255 254 253 252 251 250 249 248 247 246 245 244 243 242 241 240 239 238 237 236 235 234 233 232 231 230 229 228 227 226 225 224 223 222 221 220 219 218 217 216 215 214 213 212 211 210 209 208 207 206 205 204 203 202 201 200 199 198 197 196 195 194 193 192 191 190 189 188 187 186 185 184 183 182 181 180 179 178 177 176 175 174 173 172 171 170 169 168 167 166 165 164 163 162 161 160 159 158 157 156 155 154 153 152 151 150 149 148 147 146 145 144 143 142 141 140 139 138 137 136 135 134 133 132 131 130 129 128 127 126 125 124 123 122 121 120 119 118 117 116 115 114 113 112 111 110 109 108 107 106 105 104 103 102 101 100 99 98 97 96 95 94 93 92 91 90 89 88 87 86 85 84 83 82 81 80 79 78 77 76 75 74 73 72 71 70 69 68 67 66 65 64 63 62 61 60 59 58 57 56 55 54 53 52 51 50 49 48 47 46 45 44 43 42 41 40 39 38 37 36 35 34 33 32 31 30 29 28 27 26 25 24 23 22 21 20 19 18 17 16 15 14 13 12 11 10 9 8 7 6 5 4 3 2 1 0

SNR 1.500
255 254 253 252 251 250 249 248 247 246 245 244 243 242 241 240 239 238 237 236 235 234 233 232 231 230 229 228 227 226 225 224 223 222 221 220 219 218 217 216 215 214 213 212 211 210 209 208 207 206 205 204 203 202 201 200 199 198 197 196 195 194 193 192 191 190 189 188 187 186 185 184 183 182 181 180 179 178 177 176 175 174 173 172 171 170 169 168 167 166 165 164 163 162 161 160 159 158 157 156 155 154 153 152 151 150 149 148 147 146 145 144 143 142 141 140 139 138 137 136 135 134 133 132 131 130 129 128 127 126 125 124 123 122 121 120 119 118 117 116 115 114 113 112 111 110 109 108 107 106 105 104 103 102 101 100 99 98 97 96 95 94 93 92 91 90 89 88 87 86 85 84 83 82 81 80 79 78 77 76 75 74 73 72 71 70 69 68 67 66 65 64 63 62 61 60 59 58 57 56 55 54 53 52 51 50 49 48 47 46 45 44 43 42 41 40 39 38 37 36 35 34 33 32 31 30 29 28 27 26 25 24 23 22 21 20 19 18 17 16 15 14 13 12 11 10 9 8 7 6 5 4 3 2 1 0

SNR 2.000
255 254 253 252 251 250 249 248 247 246 245 244 243 242 241 240 239 238 237 236 235 234 233 232 231 230 229 228 227 226 225 224 223 222 221 220 219 218 217 216 215 214 213 212 211 210 209 208 207 206 205 204 203 202 201 200 199 198 197 196 195 194 193 192 191 190 189 188 187 186 185 184 183 182 181 180 179 178 177 176 175 174 173 172 171 170 169 168 167 166 165 164 163 162 161 160 159 158 157 156 155 154 153 152 151 150 149 148 147 146 145 144 143 142 141 140 139 138 137 136 135 134 133 132 131 130 129 128 127 126 125 124 123 122 121 120 119 118 117 116 115 114 113 112 111 110 109 108 107 106 105 104 103 102 101 100 99 98 97 96 95 94 93 92 91 90 89 88 87 86 85 84 83 82 81 80 79 78 77 76 75 74 73 72 71 70 69 68 67 66 65 64 63 62 61 60 59 58 57 56 55 54 53 52 51 50 49 48 47 46 45 44 43 42 41 40 39 38 37 36 35 34 33 32 31 30 29 28 27 26 25 24 23 22 21 20 19 18 17 16 15 14 13 12 11 10 9 8 7 6 5 4 3 2 1 0

SNR 2.500
255 254 253 252 251 250 249 248 247 246 245 244 243 242 241 240 239 238 237 236 235 234 233 232 231 230 229 228 227 226 225 224 223 222 221 220 219 218 217 216 215 214 213 212 211 210 209 208 207 206 205 204 203 202 201 200 199 198 197 196 195 194 193 192 191 190 189 188 187 186 185 184 183 182 181 180 179 178 177 176 175 174 173 172 171 170 169 168 167 166 165 164 163 162 161 160 159 158 157 156 155 154 153 152 151 150 149 148 147 146 145 144 143 142 141 140 139 138 137 136 135 134 133 132 131 130 129 128 127 126 125 124 123 122 121 120 119 118 117 116 115 114 113 112 111 110 109 108 107 106 105 104 103 102 101 100 99 98 97 96 95 94 93 92 91 90 89 88 87 86 85 84 83 82 81 80 79 78 77 76 75 74 73 72 71 70 69 68 67 66 65 64 63 62 61 60 59 58 57 56 55 54 53 52 51 50 49 48 47 46 45 44 43 42 41 40 39 38 37 36 35 34 33 32 31 30 29 28 27 26 25 24 23 22 21 20 19 18 17 16 15 14 13 12 11 10 9 8 7 6 5 4 3 2 1 0

