SNR -2.000
127 126 125 124 123 122 121 119 118 117 115 111 110 109 107 103 95 94 93 91 87 63 62 61 79 59 55 116 113 108 105 106 120 92 47 101 102 114 86 99 89 85 60 90 83 58 78 31 77 54 75 57 53 112 104 51 46 100 71 45 88 98 84 97 43 82 30 76 56 81 29 39 74 52 73 27 50 70 44 49 23 69 96 42 15 67 41 80 28 38 26 37 72 25 35 22 48 68 21 19 14 13 66 11 40 7 65 36 34 24 33 20 18 17 12 10 9 6 5 64 3 32 16 8 4 2 1 0

SNR -1.500
127 126 125 124 123 122 121 119 118 117 115 111 110 109 107 103 95 94 93 91 87 79 63 62 61 59 116 55 120 114 47 106 113 108 105 92 101 90 86 89 99 102 31 85 83 77 58 60 57 53 54 75 78 112 104 46 71 100 45 51 98 88 43 97 84 82 30 76 29 39 56 81 74 52 27 73 50 70 44 49 23 69 42 96 67 41 15 28 38 80 26 37 72 25 35 22 48 68 21 14 19 66 40 13 65 11 7 36 24 34 33 20 18 17 12 10 9 64 6 5 3 32 16 8 4 2 1 0

SNR -1.000
127 126 125 124 123 122 121 119 118 117 115 114 111 110 109 108 107 103 95 94 93 91 87 79 63 62 61 59 55 120 116 47 113 106 105 102 90 101 99 92 86 89 85 31 60 83 58 78 77 75 57 54 53 51 112 45 104 46 71 100 43 98 84 88 30 97 82 29 39 76 81 56 27 52 74 73 50 70 49 44 23 69 42 41 96 67 15 28 38 80 37 26 72 25 35 22 48 68 21 40 14 66 19 13 65 36 11 7 24 34 33 20 18 17 12 64 10 9 6 5 3 32 16 8 4 2 1 0

SNR -0.500
127 126 125 124 123 122 121 119 118 117 116 115 114 111 110 109 108 107 106 103 102 95 94 93 91 87 79 63 62 61 59 55 47 92 113 105 120 101 99 31 60 86 58 83 89 85 78 77 90 57 53 54 75 51 46 71 104 112 43 45 98 30 39 100 29 88 84 82 27 81 76 97 56 74 52 73 50 70 23 44 49 69 42 41 67 15 28 38 96 37 26 80 25 35 72 22 48 21 68 14 40 66 19 13 65 36 11 24 34 7 33 20 18 17 12 64 10 9 6 5 3 32 16 8 4 2 1 0

SNR 0.000
127 126 125 124 123 122 121 120 119 118 117 116 115 114 113 111 110 109 108 107 106 105 103 102 101 99 95 94 93 92 91 90 89 87 86 79 63 62 61 59 55 47 31 58 78 85 83 57 60 77 75 46 51 53 54 45 71 43 104 39 30 112 29 98 88 27 84 97 100 76 82 56 74 81 52 73 23 50 70 44 49 69 42 41 15 67 38 28 37 96 26 25 80 35 22 72 21 48 68 14 19 66 40 13 65 36 11 24 34 7 33 20 18 12 17 64 10 9 6 5 32 3 16 8 4 2 1 0

SNR 0.500
127 126 125 124 123 122 121 120 119 118 117 116 115 114 113 111 110 109 108 107 106 105 103 102 101 99 95 94 93 92 91 90 89 87 86 85 83 79 78 77 63 62 61 60 59 57 55 54 47 31 58 75 46 53 71 45 43 51 30 104 112 39 29 100 98 97 27 82 88 84 23 81 73 56 74 76 52 44 49 69 70 50 67 15 42 38 41 28 37 26 96 25 35 22 80 72 21 48 68 14 19 40 66 13 36 65 11 24 34 7 33 20 18 12 17 64 10 9 6 32 5 3 16 8 4 2 1 0

SNR 1.000
127 126 125 124 123 122 121 120 119 118 117 116 115 114 113 111 110 109 108 107 106 105 103 102 101 99 95 94 93 92 91 90 89 87 86 85 83 79 78 77 75 71 63 62 61 60 59 58 57 55 54 53 51 47 46 45 31 43 30 39 29 27 112 88 104 98 84 23 100 56 82 76 81 97 52 74 73 15 70 44 49 42 67 28 41 38 37 69 50 26 25 22 35 96 21 80 72 14 19 68 48 13 40 66 36 11 65 24 34 7 20 33 18 12 17 10 64 9 6 32 5 3 16 8 4 2 1 0

SNR 1.500
127 126 125 124 123 122 121 120 119 118 117 116 115 114 113 111 110 109 108 107 106 105 103 102 101 99 95 94 93 92 91 90 89 87 86 85 83 79 78 77 75 71 63 62 61 60 59 58 57 55 54 53 51 47 46 45 43 39 31 29 30 27 23 112 100 104 98 84 88 97 82 73 76 52 81 49 56 74 70 50 44 42 67 15 69 41 26 25 38 28 37 35 22 21 96 80 19 72 14 13 48 68 11 40 66 36 65 24 34 7 20 33 18 12 17 10 64 9 6 32 5 3 16 8 4 2 1 0

SNR 2.000
127 126 125 124 123 122 121 120 119 118 117 116 115 114 113 111 110 109 108 107 106 105 103 102 101 99 95 94 93 92 91 90 89 87 86 85 83 79 78 77 75 71 63 62 61 60 59 58 57 55 54 53 51 47 46 45 43 39 31 30 29 27 23 98 104 15 112 88 84 97 76 56 82 100 74 70 81 50 73 52 44 41 69 49 38 37 42 28 25 26 35 67 21 19 14 96 13 22 72 80 11 68 48 40 66 36 65 7 24 34 20 33 18 12 17 10 9 64 6 5 32 3 16 8 4 2 1 0

SNR 2.500
127 126 125 124 123 122 121 120 119 118 117 116 115 114 113 112 111 110 109 108 107 106 105 104 103 102 101 99 98 97 95 94 93 92 91 90 89 88 87 86 85 84 83 79 78 77 75 71 63 62 61 60 59 58 57 55 54 53 51 47 46 45 43 39 31 30 29 27 23 15 82 100 52 76 56 73 74 69 70 49 41 44 42 81 28 26 50 35 37 38 25 21 67 22 14 19 13 11 96 72 48 80 7 68 66 36 40 65 24 34 20 33 18 12 17 10 9 6 64 5 32 3 16 8 4 2 1 0

SNR 3.000
127 126 125 124 123 122 121 120 119 118 117 116 115 114 113 112 111 110 109 108 107 106 105 104 103 102 101 100 99 98 97 95 94 93 92 91 90 89 88 87 86 85 84 83 82 81 79 78 77 76 75 74 73 71 63 62 61 60 59 58 57 56 55 54 53 52 51 50 47 46 45 43 39 31 30 29 27 23 15 70 49 69 44 67 28 41 26 42 37 38 25 22 35 14 19 21 11 96 13 72 7 48 66 65 80 68 40 34 36 33 24 20 18 17 12 10 9 6 5 64 3 32 16 8 4 2 1 0

SNR 3.500
127 126 125 124 123 122 121 120 119 118 117 116 115 114 113 112 111 110 109 108 107 106 105 104 103 102 101 100 99 98 97 95 94 93 92 91 90 89 88 87 86 85 84 83 82 81 79 78 77 76 75 74 73 71 70 69 63 62 61 60 59 58 57 56 55 54 53 52 51 50 49 47 46 45 44 43 42 41 39 31 30 29 28 27 23 15 25 37 26 67 21 35 38 13 22 11 19 14 7 96 80 40 72 48 68 66 36 20 24 34 33 18 65 12 17 10 9 6 5 3 64 32 16 8 4 2 1 0

SNR 4.000
127 126 125 124 123 122 121 120 119 118 117 116 115 114 113 112 111 110 109 108 107 106 105 104 103 102 101 100 99 98 97 95 94 93 92 91 90 89 88 87 86 85 84 83 82 81 79 78 77 76 75 74 73 71 70 69 67 63 62 61 60 59 58 57 56 55 54 53 52 51 50 49 47 46 45 44 43 42 41 39 38 37 35 31 30 29 28 27 26 25 23 22 21 15 14 13 11 19 7 96 80 72 66 40 48 68 36 24 65 33 20 17 34 9 10 18 5 12 6 3 64 32 16 8 4 2 1 0

SNR 4.500
127 126 125 124 123 122 121 120 119 118 117 116 115 114 113 112 111 110 109 108 107 106 105 104 103 102 101 100 99 98 97 95 94 93 92 91 90 89 88 87 86 85 84 83 82 81 79 78 77 76 75 74 73 71 70 69 67 63 62 61 60 59 58 57 56 55 54 53 52 51 50 49 47 46 45 44 43 42 41 39 38 37 35 31 30 29 28 27 26 25 23 22 21 19 15 14 13 11 7 96 72 80 68 66 48 65 40 36 24 34 33 17 20 12 18 10 9 3 5 6 64 32 16 8 4 2 1 0

SNR 5.000
127 126 125 124 123 122 121 120 119 118 117 116 115 114 113 112 111 110 109 108 107 106 105 104 103 102 101 100 99 98 97 95 94 93 92 91 90 89 88 87 86 85 84 83 82 81 79 78 77 76 75 74 73 71 70 69 67 63 62 61 60 59 58 57 56 55 54 53 52 51 50 49 47 46 45 44 43 42 41 39 38 37 35 31 30 29 28 27 26 25 23 22 21 19 15 14 13 11 7 96 72 66 48 36 80 68 65 34 20 33 18 17 12 24 40 9 10 6 3 5 64 32 16 8 4 2 1 0

SNR 5.500
127 126 125 124 123 122 121 120 119 118 117 116 115 114 113 112 111 110 109 108 107 106 105 104 103 102 101 100 99 98 97 96 95 94 93 92 91 90 89 88 87 86 85 84 83 82 81 80 79 78 77 76 75 74 73 72 71 70 69 67 66 63 62 61 60 59 58 57 56 55 54 53 52 51 50 49 48 47 46 45 44 43 42 41 39 38 37 35 31 30 29 28 27 26 25 23 22 21 19 15 14 13 11 7 24 68 36 34 20 33 18 12 65 10 40 6 5 9 17 3 64 32 16 8 4 2 1 0

SNR 6.000
127 126 125 124 123 122 121 120 119 118 117 116 115 114 113 112 111 110 109 108 107 106 105 104 103 102 101 100 99 98 97 96 95 94 93 92 91 90 89 88 87 86 85 84 83 82 81 80 79 78 77 76 75 74 73 72 71 70 69 68 67 66 63 62 61 60 59 58 57 56 55 54 53 52 51 50 49 48 47 46 45 44 43 42 41 40 39 38 37 36 35 33 31 30 29 28 27 26 25 23 22 21 20 19 18 17 15 14 13 11 7 65 12 34 24 10 6 5 9 3 16 32 64 8 4 2 1 0

SNR 6.500
127 126 125 124 123 122 121 120 119 118 117 116 115 114 113 112 111 110 109 108 107 106 105 104 103 102 101 100 99 98 97 96 95 94 93 92 91 90 89 88 87 86 85 84 83 82 81 80 79 78 77 76 75 74 73 72 71 70 69 68 67 66 65 63 62 61 60 59 58 57 56 55 54 53 52 51 50 49 48 47 46 45 44 43 42 41 40 39 38 37 36 35 34 33 31 30 29 28 27 26 25 24 23 22 21 20 19 18 17 15 14 13 12 11 10 9 7 5 6 3 16 32 64 8 4 1 2 0

SNR 7.000
127 126 125 124 123 122 121 120 119 118 117 116 115 114 113 112 111 110 109 108 107 106 105 104 103 102 101 100 99 98 97 96 95 94 93 92 91 90 89 88 87 86 85 84 83 82 81 80 79 78 77 76 75 74 73 72 71 70 69 68 67 66 65 63 62 61 60 59 58 57 56 55 54 53 52 51 50 49 48 47 46 45 44 43 42 41 40 39 38 37 36 35 34 33 31 30 29 28 27 26 25 24 23 22 21 20 19 18 17 15 14 13 12 11 10 9 7 6 5 3 64 32 8 16 1 4 2 0

SNR 7.500
127 126 125 124 123 122 121 120 119 118 117 116 115 114 113 112 111 110 109 108 107 106 105 104 103 102 101 100 99 98 97 96 95 94 93 92 91 90 89 88 87 86 85 84 83 82 81 80 79 78 77 76 75 74 73 72 71 70 69 68 67 66 65 63 62 61 60 59 58 57 56 55 54 53 52 51 50 49 48 47 46 45 44 43 42 41 40 39 38 37 36 35 34 33 31 30 29 28 27 26 25 24 23 22 21 20 19 18 17 15 14 13 12 11 10 9 7 6 5 3 32 64 16 8 4 1 2 0

SNR 8.000
127 126 125 124 123 122 121 120 119 118 117 116 115 114 113 112 111 110 109 108 107 106 105 104 103 102 101 100 99 98 97 96 95 94 93 92 91 90 89 88 87 86 85 84 83 82 81 80 79 78 77 76 75 74 73 72 71 70 69 68 67 66 65 64 63 62 61 60 59 58 57 56 55 54 53 52 51 50 49 48 47 46 45 44 43 42 41 40 39 38 37 36 35 34 33 31 30 29 28 27 26 25 24 23 22 21 20 19 18 17 15 14 13 12 11 10 9 7 6 5 3 32 8 16 4 2 1 0

