SNR -2.000
255 254 253 252 251 250 249 248 247 246 245 244 243 242 241 239 238 237 236 235 234 233 231 230 229 227 223 222 221 220 219 218 217 215 214 213 211 207 206 205 203 199 191 190 189 188 187 186 185 183 182 181 179 175 174 173 159 127 126 125 124 123 122 119 111 95 121 63 167 171 158 118 110 155 157 117 232 151 109 226 115 107 216 210 225 209 103 212 240 184 94 202 204 91 228 93 201 143 172 177 198 178 170 197 120 180 166 116 169 195 156 87 62 154 61 108 153 150 165 163 114 106 113 149 224 59 79 208 102 92 105 200 142 147 101 90 176 55 141 196 168 194 89 99 86 139 164 193 60 47 85 152 112 162 58 78 135 148 161 83 104 31 57 77 146 54 100 140 53 75 145 88 98 46 138 51 71 192 84 97 45 137 30 43 134 82 160 39 56 29 133 76 27 81 23 131 15 52 74 144 73 50 70 69 49 44 96 67 136 42 41 38 28 37 35 26 25 132 21 22 80 19 14 13 130 11 129 7 72 68 48 66 65 40 36 34 24 33 20 18 17 12 10 9 6 5 128 3 64 32 16 8 4 2 1 0

SNR -1.500
255 254 253 252 251 250 249 248 247 246 245 244 243 242 241 239 238 237 236 235 234 233 231 230 229 227 223 222 221 220 219 218 217 215 214 213 211 207 206 205 203 199 191 190 189 188 187 186 185 183 182 181 179 175 174 173 171 167 159 158 157 155 151 127 126 125 124 123 122 121 119 118 117 111 95 63 109 107 232 110 115 240 228 94 93 225 103 212 226 143 216 91 210 209 184 201 202 177 180 172 178 198 197 87 169 195 204 62 170 166 79 154 61 116 120 59 114 153 163 106 165 149 108 113 150 147 156 224 55 208 105 101 92 142 200 90 141 102 89 99 196 176 86 139 47 194 168 85 193 164 60 152 58 135 78 112 83 162 57 31 148 161 77 104 54 146 100 75 53 140 145 88 98 46 138 51 71 97 84 192 45 137 134 82 43 30 56 76 160 133 81 29 39 52 74 27 131 144 23 73 50 15 70 49 44 96 69 136 67 42 41 28 38 132 80 37 35 26 25 130 22 21 19 129 14 13 11 72 7 48 68 66 65 40 36 34 33 24 20 18 17 12 10 128 9 6 5 3 64 32 8 16 4 2 1 0

SNR -1.000
255 254 253 252 251 250 249 248 247 246 245 244 243 242 241 239 238 237 236 235 234 233 231 230 229 228 227 223 222 221 220 219 218 217 216 215 214 213 211 207 206 205 203 199 191 190 189 188 187 186 185 183 182 181 179 175 174 173 171 167 159 158 157 155 151 127 126 125 124 123 122 121 119 118 117 115 111 110 109 107 95 63 240 103 232 93 225 94 226 143 212 210 204 209 201 180 202 198 184 172 177 87 61 178 197 170 91 62 120 195 169 166 116 165 156 59 79 154 150 114 153 163 108 106 113 105 102 55 101 224 147 90 149 139 99 208 92 142 200 141 47 89 86 196 168 176 60 85 194 164 193 58 135 78 83 152 77 162 57 112 31 54 161 104 148 75 146 53 100 140 98 88 145 46 51 71 138 45 97 84 137 82 192 134 43 30 56 76 81 133 29 160 39 74 52 131 27 73 144 50 70 23 44 49 96 15 69 136 42 67 41 80 28 132 38 37 26 130 35 25 72 129 22 21 19 14 13 11 48 7 68 66 65 40 36 34 24 33 128 18 20 17 12 10 6 9 5 3 64 32 16 8 4 2 1 0

SNR -0.500
255 254 253 252 251 250 249 248 247 246 245 244 243 242 241 239 238 237 236 235 234 233 232 231 230 229 228 227 223 222 221 220 219 218 217 216 215 214 213 212 211 207 206 205 204 203 199 191 190 189 188 187 186 185 183 182 181 179 175 174 173 171 167 159 158 157 155 151 143 127 126 125 124 123 122 121 119 118 117 115 111 110 109 107 103 95 94 93 91 87 63 184 226 210 240 61 225 209 201 59 202 198 79 197 62 177 120 169 172 116 166 178 170 165 156 154 55 180 114 163 195 106 113 149 153 105 108 150 102 99 92 142 147 47 139 89 141 208 224 101 86 85 90 196 83 135 60 78 200 58 176 168 57 31 164 54 77 162 152 194 193 75 112 148 53 161 104 146 51 100 140 46 71 145 88 98 45 138 84 97 137 43 82 134 30 56 76 192 133 81 29 39 74 52 160 131 27 73 50 70 144 44 23 49 69 96 42 136 15 67 41 28 80 132 38 37 26 130 72 35 25 129 22 48 21 68 19 14 13 11 66 7 40 65 36 34 24 33 128 20 18 17 12 10 9 6 5 3 64 32 16 8 4 2 1 0

SNR 0.000
255 254 253 252 251 250 249 248 247 246 245 244 243 242 241 240 239 238 237 236 235 234 233 232 231 230 229 228 227 226 223 222 221 220 219 218 217 216 215 214 213 212 211 210 209 207 206 205 204 203 202 201 199 198 191 190 189 188 187 186 185 184 183 182 181 180 179 178 175 174 173 172 171 169 167 159 158 157 155 151 143 127 126 125 124 123 122 121 119 118 117 115 111 110 109 107 103 95 94 93 91 87 79 63 62 61 59 197 177 116 156 170 195 166 55 114 165 225 163 47 120 153 149 147 154 150 92 113 102 106 105 108 101 90 142 99 141 139 89 85 86 208 31 135 78 83 60 224 58 196 57 176 54 168 194 200 75 152 164 193 112 53 148 162 161 77 104 146 46 71 100 145 51 140 45 88 98 138 84 43 97 137 82 30 134 29 76 81 133 39 56 74 192 52 27 131 73 50 160 70 44 49 23 144 69 42 96 136 67 15 41 28 38 132 80 26 37 130 72 25 35 22 129 48 68 21 14 19 40 66 13 11 65 7 36 24 34 33 128 20 18 17 12 10 9 6 64 5 3 32 16 8 4 2 1 0

SNR 0.500
255 254 253 252 251 250 249 248 247 246 245 244 243 242 241 240 239 238 237 236 235 234 233 232 231 230 229 228 227 226 225 223 222 221 220 219 218 217 216 215 214 213 212 211 210 209 207 206 205 204 203 202 201 199 198 197 195 191 190 189 188 187 186 185 184 183 182 181 180 179 178 177 175 174 173 172 171 170 167 166 165 159 158 157 156 155 154 153 151 143 127 126 125 124 123 122 121 120 119 118 117 115 114 111 110 109 108 107 103 95 94 93 91 87 79 63 62 61 59 55 47 169 163 116 150 92 113 106 105 149 141 147 101 142 90 31 89 139 86 102 85 99 60 77 83 135 208 224 78 57 58 200 75 196 194 193 54 164 71 53 176 168 46 162 51 146 112 45 148 43 161 152 104 88 98 138 137 97 140 145 39 100 134 29 30 84 76 82 81 133 56 74 27 52 73 131 50 192 70 44 49 23 69 160 144 42 67 41 96 15 136 28 38 80 132 26 37 72 25 130 35 22 48 129 68 21 66 14 40 19 13 65 36 11 7 24 34 33 128 20 18 17 12 64 10 9 6 5 3 32 16 8 4 2 1 0

SNR 1.000
255 254 253 252 251 250 249 248 247 246 245 244 243 242 241 240 239 238 237 236 235 234 233 232 231 230 229 228 227 226 225 223 222 221 220 219 218 217 216 215 214 213 212 211 210 209 207 206 205 204 203 202 201 199 198 197 195 191 190 189 188 187 186 185 184 183 182 181 180 179 178 177 175 174 173 172 171 170 169 167 166 165 163 159 158 157 156 155 154 153 151 150 149 147 143 142 139 127 126 125 124 123 122 121 120 119 118 117 116 115 114 113 111 110 109 108 107 106 105 103 102 101 95 94 93 92 91 90 89 87 85 79 63 62 61 59 55 47 31 99 141 83 86 60 135 77 78 57 58 75 54 53 224 176 71 208 196 168 45 46 200 161 112 193 164 51 152 162 194 104 148 146 43 30 145 140 88 27 97 39 98 84 137 134 56 82 81 76 74 29 138 100 133 23 52 73 131 50 44 70 69 49 192 42 160 41 15 67 144 28 38 136 96 37 26 80 132 25 35 72 22 130 21 48 129 68 14 40 19 66 13 65 36 11 24 34 7 33 20 128 18 17 12 64 10 9 6 5 3 32 16 8 4 2 1 0

SNR 1.500
255 254 253 252 251 250 249 248 247 246 245 244 243 242 241 240 239 238 237 236 235 234 233 232 231 230 229 228 227 226 225 223 222 221 220 219 218 217 216 215 214 213 212 211 210 209 207 206 205 204 203 202 201 199 198 197 195 191 190 189 188 187 186 185 184 183 182 181 180 179 178 177 175 174 173 172 171 170 169 167 166 165 163 159 158 157 156 155 154 153 151 150 149 147 143 142 141 139 135 127 126 125 124 123 122 121 120 119 118 117 116 115 114 113 111 110 109 108 107 106 105 103 102 101 99 95 94 93 92 91 90 89 87 86 85 83 79 78 77 75 63 62 61 59 58 55 47 31 60 54 51 46 57 71 224 200 208 53 45 43 196 193 168 176 194 164 146 152 39 104 162 161 98 112 148 140 27 100 88 97 84 134 29 30 145 138 81 82 137 73 52 23 50 131 76 49 56 133 74 70 69 15 44 42 41 192 160 67 38 144 37 28 26 96 136 35 25 22 80 132 72 130 21 129 48 68 14 19 40 66 13 36 65 11 24 34 7 20 33 128 18 12 17 64 10 9 6 5 32 3 16 8 4 2 1 0

SNR 2.000
255 254 253 252 251 250 249 248 247 246 245 244 243 242 241 240 239 238 237 236 235 234 233 232 231 230 229 228 227 226 225 223 222 221 220 219 218 217 216 215 214 213 212 211 210 209 207 206 205 204 203 202 201 199 198 197 195 191 190 189 188 187 186 185 184 183 182 181 180 179 178 177 175 174 173 172 171 170 169 167 166 165 163 159 158 157 156 155 154 153 151 150 149 147 143 142 141 139 135 127 126 125 124 123 122 121 120 119 118 117 116 115 114 113 111 110 109 108 107 106 105 103 102 101 99 95 94 93 92 91 90 89 87 86 85 83 79 78 77 75 71 63 62 61 60 59 58 57 55 54 53 47 46 45 31 43 196 208 30 51 224 39 193 27 176 168 194 152 112 164 200 148 140 162 100 146 104 23 161 29 88 82 138 137 98 145 81 76 74 73 84 15 56 97 50 49 131 52 70 67 41 133 134 42 38 28 192 69 26 37 44 25 144 160 22 35 136 96 80 21 132 72 19 130 14 48 129 68 13 40 66 65 11 36 24 34 7 33 20 18 128 12 17 10 64 9 6 32 5 3 16 8 4 2 1 0

SNR 2.500
255 254 253 252 251 250 249 248 247 246 245 244 243 242 241 240 239 238 237 236 235 234 233 232 231 230 229 228 227 226 225 224 223 222 221 220 219 218 217 216 215 214 213 212 211 210 209 208 207 206 205 204 203 202 201 199 198 197 196 195 194 191 190 189 188 187 186 185 184 183 182 181 180 179 178 177 176 175 174 173 172 171 170 169 168 167 166 165 163 159 158 157 156 155 154 153 151 150 149 147 143 142 141 139 135 127 126 125 124 123 122 121 120 119 118 117 116 115 114 113 111 110 109 108 107 106 105 103 102 101 99 95 94 93 92 91 90 89 87 86 85 83 79 78 77 75 71 63 62 61 60 59 58 57 55 54 53 51 47 46 45 43 39 31 30 29 164 200 104 27 152 193 112 146 23 137 148 161 138 140 145 98 97 15 82 88 84 162 56 81 52 100 70 133 74 76 50 73 131 42 134 44 69 49 28 41 67 38 25 37 26 35 22 21 192 144 96 160 19 14 136 13 132 72 80 130 11 48 68 40 129 66 65 36 24 34 7 20 33 18 12 17 128 10 9 64 6 32 5 3 16 8 4 2 1 0

SNR 3.000
255 254 253 252 251 250 249 248 247 246 245 244 243 242 241 240 239 238 237 236 235 234 233 232 231 230 229 228 227 226 225 224 223 222 221 220 219 218 217 216 215 214 213 212 211 210 209 208 207 206 205 204 203 202 201 200 199 198 197 196 195 194 193 191 190 189 188 187 186 185 184 183 182 181 180 179 178 177 176 175 174 173 172 171 170 169 168 167 166 165 164 163 162 159 158 157 156 155 154 153 152 151 150 149 148 147 146 143 142 141 139 135 127 126 125 124 123 122 121 120 119 118 117 116 115 114 113 112 111 110 109 108 107 106 105 104 103 102 101 100 99 95 94 93 92 91 90 89 87 86 85 83 79 78 77 75 71 63 62 61 60 59 58 57 55 54 53 51 47 46 45 43 39 31 30 29 27 23 15 161 97 145 140 98 138 88 134 56 82 81 52 133 84 74 76 50 131 73 44 70 41 49 28 67 137 69 38 42 37 22 25 21 192 26 144 19 13 14 35 96 132 130 160 136 80 129 11 68 72 66 48 40 7 65 36 34 24 33 20 18 12 17 10 128 9 6 64 5 32 3 16 8 4 2 1 0

SNR 3.500
255 254 253 252 251 250 249 248 247 246 245 244 243 242 241 240 239 238 237 236 235 234 233 232 231 230 229 228 227 226 225 224 223 222 221 220 219 218 217 216 215 214 213 212 211 210 209 208 207 206 205 204 203 202 201 200 199 198 197 196 195 194 193 191 190 189 188 187 186 185 184 183 182 181 180 179 178 177 176 175 174 173 172 171 170 169 168 167 166 165 164 163 162 161 159 158 157 156 155 154 153 152 151 150 149 148 147 146 145 143 142 141 140 139 138 135 133 127 126 125 124 123 122 121 120 119 118 117 116 115 114 113 112 111 110 109 108 107 106 105 104 103 102 101 100 99 98 97 95 94 93 92 91 90 89 88 87 86 85 84 83 82 81 79 78 77 75 71 63 62 61 60 59 58 57 56 55 54 53 51 47 46 45 43 39 31 30 29 27 23 15 131 50 74 52 49 134 42 137 70 76 41 26 37 44 73 25 35 22 38 69 67 28 14 192 11 160 80 13 144 96 19 21 136 132 72 40 48 68 66 129 36 130 24 7 33 34 65 20 18 17 12 10 9 6 128 5 64 3 32 16 8 4 2 1 0

SNR 4.000
255 254 253 252 251 250 249 248 247 246 245 244 243 242 241 240 239 238 237 236 235 234 233 232 231 230 229 228 227 226 225 224 223 222 221 220 219 218 217 216 215 214 213 212 211 210 209 208 207 206 205 204 203 202 201 200 199 198 197 196 195 194 193 191 190 189 188 187 186 185 184 183 182 181 180 179 178 177 176 175 174 173 172 171 170 169 168 167 166 165 164 163 162 161 159 158 157 156 155 154 153 152 151 150 149 148 147 146 145 143 142 141 140 139 138 137 135 134 133 131 127 126 125 124 123 122 121 120 119 118 117 116 115 114 113 112 111 110 109 108 107 106 105 104 103 102 101 100 99 98 97 95 94 93 92 91 90 89 88 87 86 85 84 83 82 81 79 78 77 76 75 74 73 71 70 69 67 63 62 61 60 59 58 57 56 55 54 53 52 51 50 49 47 46 45 44 43 42 39 37 31 30 29 28 27 26 23 22 15 35 41 25 38 13 21 14 19 11 7 192 160 144 132 80 96 136 72 48 130 129 66 40 65 34 68 18 20 36 10 17 24 33 12 9 6 5 128 64 3 32 16 8 4 2 1 0

SNR 4.500
255 254 253 252 251 250 249 248 247 246 245 244 243 242 241 240 239 238 237 236 235 234 233 232 231 230 229 228 227 226 225 224 223 222 221 220 219 218 217 216 215 214 213 212 211 210 209 208 207 206 205 204 203 202 201 200 199 198 197 196 195 194 193 191 190 189 188 187 186 185 184 183 182 181 180 179 178 177 176 175 174 173 172 171 170 169 168 167 166 165 164 163 162 161 159 158 157 156 155 154 153 152 151 150 149 148 147 146 145 143 142 141 140 139 138 137 135 134 133 131 127 126 125 124 123 122 121 120 119 118 117 116 115 114 113 112 111 110 109 108 107 106 105 104 103 102 101 100 99 98 97 95 94 93 92 91 90 89 88 87 86 85 84 83 82 81 79 78 77 76 75 74 73 71 70 69 67 63 62 61 60 59 58 57 56 55 54 53 52 51 50 49 47 46 45 44 43 42 41 39 38 37 35 31 30 29 28 27 26 25 23 22 21 19 15 14 11 7 192 13 144 160 136 132 96 130 80 72 48 68 129 66 65 34 40 24 36 20 17 18 33 9 6 10 12 5 3 128 64 32 16 8 4 2 1 0

SNR 5.000
255 254 253 252 251 250 249 248 247 246 245 244 243 242 241 240 239 238 237 236 235 234 233 232 231 230 229 228 227 226 225 224 223 222 221 220 219 218 217 216 215 214 213 212 211 210 209 208 207 206 205 204 203 202 201 200 199 198 197 196 195 194 193 191 190 189 188 187 186 185 184 183 182 181 180 179 178 177 176 175 174 173 172 171 170 169 168 167 166 165 164 163 162 161 159 158 157 156 155 154 153 152 151 150 149 148 147 146 145 143 142 141 140 139 138 137 135 134 133 131 127 126 125 124 123 122 121 120 119 118 117 116 115 114 113 112 111 110 109 108 107 106 105 104 103 102 101 100 99 98 97 95 94 93 92 91 90 89 88 87 86 85 84 83 82 81 79 78 77 76 75 74 73 71 70 69 67 63 62 61 60 59 58 57 56 55 54 53 52 51 50 49 47 46 45 44 43 42 41 39 38 37 35 31 30 29 28 27 26 25 23 22 21 19 15 14 13 11 7 192 144 132 96 72 160 136 130 68 129 65 40 66 36 34 24 33 48 80 18 17 20 9 12 5 6 10 3 128 64 32 16 8 4 2 1 0

SNR 5.500
255 254 253 252 251 250 249 248 247 246 245 244 243 242 241 240 239 238 237 236 235 234 233 232 231 230 229 228 227 226 225 224 223 222 221 220 219 218 217 216 215 214 213 212 211 210 209 208 207 206 205 204 203 202 201 200 199 198 197 196 195 194 193 192 191 190 189 188 187 186 185 184 183 182 181 180 179 178 177 176 175 174 173 172 171 170 169 168 167 166 165 164 163 162 161 160 159 158 157 156 155 154 153 152 151 150 149 148 147 146 145 143 142 141 140 139 138 137 135 134 133 132 131 127 126 125 124 123 122 121 120 119 118 117 116 115 114 113 112 111 110 109 108 107 106 105 104 103 102 101 100 99 98 97 96 95 94 93 92 91 90 89 88 87 86 85 84 83 82 81 79 78 77 76 75 74 73 71 70 69 67 63 62 61 60 59 58 57 56 55 54 53 52 51 50 49 47 46 45 44 43 42 41 39 38 37 35 31 30 29 28 27 26 25 23 22 21 19 15 14 13 11 7 144 48 136 72 129 68 40 66 36 24 65 130 20 80 12 33 10 18 34 9 3 6 17 5 128 64 32 16 8 4 2 1 0

SNR 6.000
255 254 253 252 251 250 249 248 247 246 245 244 243 242 241 240 239 238 237 236 235 234 233 232 231 230 229 228 227 226 225 224 223 222 221 220 219 218 217 216 215 214 213 212 211 210 209 208 207 206 205 204 203 202 201 200 199 198 197 196 195 194 193 192 191 190 189 188 187 186 185 184 183 182 181 180 179 178 177 176 175 174 173 172 171 170 169 168 167 166 165 164 163 162 161 160 159 158 157 156 155 154 153 152 151 150 149 148 147 146 145 144 143 142 141 140 139 138 137 136 135 134 133 132 131 129 127 126 125 124 123 122 121 120 119 118 117 116 115 114 113 112 111 110 109 108 107 106 105 104 103 102 101 100 99 98 97 96 95 94 93 92 91 90 89 88 87 86 85 84 83 82 81 80 79 78 77 76 75 74 73 72 71 70 69 67 66 65 63 62 61 60 59 58 57 56 55 54 53 52 51 50 49 47 46 45 44 43 42 41 40 39 38 37 36 35 34 31 30 29 28 27 26 25 23 22 21 19 15 14 13 11 7 130 24 68 48 20 33 12 9 10 18 6 17 5 3 32 64 128 16 8 4 2 1 0

SNR 6.500
255 254 253 252 251 250 249 248 247 246 245 244 243 242 241 240 239 238 237 236 235 234 233 232 231 230 229 228 227 226 225 224 223 222 221 220 219 218 217 216 215 214 213 212 211 210 209 208 207 206 205 204 203 202 201 200 199 198 197 196 195 194 193 192 191 190 189 188 187 186 185 184 183 182 181 180 179 178 177 176 175 174 173 172 171 170 169 168 167 166 165 164 163 162 161 160 159 158 157 156 155 154 153 152 151 150 149 148 147 146 145 144 143 142 141 140 139 138 137 136 135 134 133 132 131 130 129 127 126 125 124 123 122 121 120 119 118 117 116 115 114 113 112 111 110 109 108 107 106 105 104 103 102 101 100 99 98 97 96 95 94 93 92 91 90 89 88 87 86 85 84 83 82 81 80 79 78 77 76 75 74 73 72 71 70 69 68 67 66 65 63 62 61 60 59 58 57 56 55 54 53 52 51 50 49 48 47 46 45 44 43 42 41 40 39 38 37 36 35 34 33 31 30 29 28 27 26 25 24 23 22 21 20 19 18 17 15 14 13 11 10 9 7 12 5 6 3 32 64 128 16 8 2 4 1 0

SNR 7.000
255 254 253 252 251 250 249 248 247 246 245 244 243 242 241 240 239 238 237 236 235 234 233 232 231 230 229 228 227 226 225 224 223 222 221 220 219 218 217 216 215 214 213 212 211 210 209 208 207 206 205 204 203 202 201 200 199 198 197 196 195 194 193 192 191 190 189 188 187 186 185 184 183 182 181 180 179 178 177 176 175 174 173 172 171 170 169 168 167 166 165 164 163 162 161 160 159 158 157 156 155 154 153 152 151 150 149 148 147 146 145 144 143 142 141 140 139 138 137 136 135 134 133 132 131 130 129 127 126 125 124 123 122 121 120 119 118 117 116 115 114 113 112 111 110 109 108 107 106 105 104 103 102 101 100 99 98 97 96 95 94 93 92 91 90 89 88 87 86 85 84 83 82 81 80 79 78 77 76 75 74 73 72 71 70 69 68 67 66 65 63 62 61 60 59 58 57 56 55 54 53 52 51 50 49 48 47 46 45 44 43 42 41 40 39 38 37 36 35 34 33 31 30 29 28 27 26 25 24 23 22 21 20 19 18 17 15 14 13 12 11 10 9 7 6 5 3 128 64 16 32 2 1 8 4 0

SNR 7.500
255 254 253 252 251 250 249 248 247 246 245 244 243 242 241 240 239 238 237 236 235 234 233 232 231 230 229 228 227 226 225 224 223 222 221 220 219 218 217 216 215 214 213 212 211 210 209 208 207 206 205 204 203 202 201 200 199 198 197 196 195 194 193 192 191 190 189 188 187 186 185 184 183 182 181 180 179 178 177 176 175 174 173 172 171 170 169 168 167 166 165 164 163 162 161 160 159 158 157 156 155 154 153 152 151 150 149 148 147 146 145 144 143 142 141 140 139 138 137 136 135 134 133 132 131 130 129 127 126 125 124 123 122 121 120 119 118 117 116 115 114 113 112 111 110 109 108 107 106 105 104 103 102 101 100 99 98 97 96 95 94 93 92 91 90 89 88 87 86 85 84 83 82 81 80 79 78 77 76 75 74 73 72 71 70 69 68 67 66 65 63 62 61 60 59 58 57 56 55 54 53 52 51 50 49 48 47 46 45 44 43 42 41 40 39 38 37 36 35 34 33 31 30 29 28 27 26 25 24 23 22 21 20 19 18 17 15 14 13 12 11 10 9 7 6 5 3 64 128 32 16 8 2 1 4 0

SNR 8.000
255 254 253 252 251 250 249 248 247 246 245 244 243 242 241 240 239 238 237 236 235 234 233 232 231 230 229 228 227 226 225 224 223 222 221 220 219 218 217 216 215 214 213 212 211 210 209 208 207 206 205 204 203 202 201 200 199 198 197 196 195 194 193 192 191 190 189 188 187 186 185 184 183 182 181 180 179 178 177 176 175 174 173 172 171 170 169 168 167 166 165 164 163 162 161 160 159 158 157 156 155 154 153 152 151 150 149 148 147 146 145 144 143 142 141 140 139 138 137 136 135 134 133 132 131 130 129 128 127 126 125 124 123 122 121 120 119 118 117 116 115 114 113 112 111 110 109 108 107 106 105 104 103 102 101 100 99 98 97 96 95 94 93 92 91 90 89 88 87 86 85 84 83 82 81 80 79 78 77 76 75 74 73 72 71 70 69 68 67 66 65 63 62 61 60 59 58 57 56 55 54 53 52 51 50 49 48 47 46 45 44 43 42 41 40 39 38 37 36 35 34 33 31 30 29 28 27 26 25 24 23 22 21 20 19 18 17 15 14 13 12 11 10 9 7 6 5 3 64 16 32 8 4 1 2 0

