SNR -2.000
31 29 27 30 23 15 28 26 25 22 21 19 14 13 11 24 7 20 18 12 17 10 9 6 5 3 16 8 4 2 1 0

SNR -1.500
31 29 30 27 23 15 28 26 25 22 21 19 14 13 11 24 7 20 18 12 17 10 9 6 5 3 16 8 4 2 1 0

SNR -1.000
31 27 30 29 23 15 28 26 25 21 22 19 14 13 11 24 7 20 18 12 17 10 9 6 5 3 16 8 4 2 1 0

SNR -0.500
31 29 27 23 30 15 26 28 25 22 21 19 14 13 11 7 24 20 18 12 17 10 9 6 5 3 16 8 4 2 1 0

SNR 0.000
31 30 29 27 23 15 26 28 22 21 25 19 14 13 11 7 24 20 18 12 17 10 9 6 5 3 16 8 4 2 1 0

SNR 0.500
31 30 29 27 23 15 26 28 25 22 21 14 19 13 11 7 24 20 18 12 17 10 9 6 5 3 16 8 4 2 1 0

SNR 1.000
31 30 29 27 23 15 28 22 26 21 25 14 19 13 11 7 24 20 18 17 12 10 9 6 5 3 16 8 4 2 1 0

SNR 1.500
31 30 29 27 23 15 28 25 26 21 22 19 13 14 11 7 24 20 18 12 17 10 9 6 5 3 16 8 4 2 1 0

SNR 2.000
31 30 29 27 23 15 26 28 22 21 19 14 25 13 11 7 24 18 20 17 12 10 9 6 5 3 16 8 4 2 1 0

SNR 2.500
31 30 29 28 27 26 23 22 21 15 25 13 19 14 11 7 24 18 12 20 17 9 10 6 5 3 16 8 4 2 1 0

SNR 3.000
31 30 29 28 27 26 25 23 22 21 19 15 14 13 11 7 24 18 12 20 17 10 9 6 5 3 16 8 4 2 1 0

SNR 3.500
31 30 29 28 27 26 25 23 22 21 19 15 14 13 11 7 24 20 10 18 12 17 9 5 6 3 16 8 4 2 1 0

SNR 4.000
31 30 29 28 27 26 25 23 22 21 19 15 14 13 11 7 24 20 18 10 12 17 9 6 5 3 16 8 4 2 1 0

SNR 4.500
31 30 29 28 27 26 25 23 22 21 19 15 14 13 11 7 24 18 20 17 12 10 9 6 5 3 16 8 4 2 1 0

SNR 5.000
31 30 29 28 27 26 25 23 22 21 19 15 14 13 11 7 24 18 12 9 20 17 5 3 6 10 16 8 4 2 1 0

SNR 5.500
31 30 29 28 27 26 25 24 23 22 21 20 19 18 15 14 13 12 11 7 6 17 9 5 3 10 16 8 4 2 1 0

SNR 6.000
31 30 29 28 27 26 25 24 23 22 21 20 19 18 17 15 14 13 12 11 10 9 7 5 3 6 4 8 16 2 1 0

SNR 6.500
31 30 29 28 27 26 25 24 23 22 21 20 19 18 17 15 14 13 12 11 10 9 7 6 5 3 4 8 16 2 1 0

SNR 7.000
31 30 29 28 27 26 25 24 23 22 21 20 19 18 17 15 14 13 12 11 10 9 7 6 5 3 16 8 2 4 1 0

SNR 7.500
31 30 29 28 27 26 25 24 23 22 21 20 19 18 17 15 14 13 12 11 10 9 7 6 5 3 8 16 4 2 1 0

SNR 8.000
31 30 29 28 27 26 25 24 23 22 21 20 19 18 17 16 15 14 13 12 11 10 9 7 6 5 3 8 2 4 1 0

