SNR -2.000
511 510 509 508 507 506 505 504 503 502 501 500 499 498 497 496 495 494 493 492 491 490 489 488 487 486 485 484 483 482 481 479 478 477 476 475 474 473 472 471 470 469 468 467 466 465 463 462 461 460 459 458 457 455 454 453 451 447 446 445 444 443 442 441 440 439 438 437 436 435 434 433 431 430 429 428 427 426 425 423 422 421 419 415 414 413 412 411 410 409 407 406 405 399 398 397 383 382 381 380 379 378 377 376 375 374 373 372 371 370 369 367 366 365 364 363 362 361 359 358 357 351 350 349 348 347 346 343 341 335 319 318 317 315 311 303 287 255 254 253 252 251 250 249 248 247 246 245 244 243 239 238 237 235 231 223 222 221 219 215 207 191 190 189 187 183 127 242 395 355 126 403 391 175 125 334 342 345 339 316 236 233 333 220 310 241 309 314 313 217 331 119 234 464 302 301 218 452 230 307 123 214 432 229 299 449 213 420 227 450 418 159 205 206 424 480 368 211 188 404 408 417 111 182 327 456 285 186 203 402 286 344 354 396 356 393 340 295 394 401 240 181 360 185 332 232 338 199 390 312 279 174 179 353 173 337 124 308 283 122 389 216 306 387 300 329 330 326 228 171 121 212 305 226 95 298 325 448 118 225 297 158 416 204 117 184 323 210 271 157 400 167 209 284 294 115 202 180 352 110 293 155 282 63 392 201 109 336 388 178 198 172 281 291 278 107 177 328 386 151 197 120 94 170 304 277 93 224 385 324 103 116 169 195 143 156 270 296 275 322 166 91 208 62 114 269 154 321 165 292 61 108 87 113 200 153 267 59 163 79 280 106 150 290 55 176 263 47 196 105 149 92 289 31 276 102 142 384 147 168 194 101 90 141 274 99 89 193 139 135 60 86 273 268 85 164 320 78 112 83 58 57 77 75 266 152 162 54 53 71 265 51 46 43 161 45 39 262 29 27 30 261 23 104 259 148 15 288 146 145 100 140 138 98 97 137 88 192 134 133 131 272 84 82 76 81 74 56 70 73 69 52 50 42 49 67 264 41 44 38 37 26 35 22 28 160 25 21 260 14 19 258 13 11 257 7 144 136 132 96 130 129 80 72 68 66 48 40 36 65 34 20 24 33 18 10 12 17 9 6 5 256 3 128 64 32 16 8 4 2 1 0

SNR -1.500
511 510 509 508 507 506 505 504 503 502 501 500 499 498 497 496 495 494 493 492 491 490 489 488 487 486 485 484 483 482 481 479 478 477 476 475 474 473 472 471 470 469 468 467 466 465 463 462 461 460 459 458 457 455 454 453 451 447 446 445 444 443 442 441 440 439 438 437 436 435 434 433 431 430 429 428 427 426 425 423 422 421 419 415 414 413 412 411 410 409 407 406 405 403 399 398 397 395 391 383 382 381 380 379 378 377 376 375 374 373 372 371 370 369 367 366 365 364 363 362 361 359 358 357 355 351 350 349 348 347 346 345 343 342 341 339 335 334 333 319 318 317 316 315 314 313 311 310 309 303 302 287 255 254 253 252 251 250 249 248 247 246 245 244 243 242 239 238 237 236 235 234 231 229 223 222 221 219 215 207 191 190 189 187 183 175 127 126 125 123 119 307 217 218 214 233 241 301 159 464 213 220 230 480 331 456 188 299 327 186 227 111 450 211 206 295 424 452 286 432 182 420 418 368 285 203 185 417 402 449 404 205 181 283 354 360 401 353 344 356 396 394 174 199 338 390 179 408 124 389 340 332 158 308 337 122 173 232 171 95 240 118 121 387 329 228 279 306 326 212 330 298 305 216 393 226 115 297 167 300 225 294 312 325 157 117 448 209 155 109 271 110 416 210 202 184 63 293 323 284 400 180 282 204 178 198 392 291 201 352 151 107 281 172 177 278 94 388 336 197 277 170 93 386 328 120 103 195 304 116 270 169 143 156 224 166 275 385 324 91 114 62 322 296 269 154 165 208 108 292 113 153 87 321 61 200 267 163 150 106 280 290 176 59 79 105 196 149 92 276 263 289 102 55 142 168 194 147 101 384 274 90 47 141 31 193 89 268 99 164 273 139 86 60 112 320 152 135 85 266 162 58 83 78 57 161 265 77 148 104 75 54 262 53 71 288 51 261 46 45 146 259 43 39 100 29 27 30 145 140 23 15 88 98 192 138 97 272 137 134 133 84 131 82 81 56 264 160 76 74 70 73 52 69 50 67 49 260 44 42 38 258 41 26 37 28 22 35 21 25 257 144 14 13 19 11 7 96 136 132 130 129 80 72 68 66 48 65 40 36 20 34 18 24 10 12 17 33 256 9 6 5 3 128 64 32 16 8 4 2 1 0

SNR -1.000
511 510 509 508 507 506 505 504 503 502 501 500 499 498 497 496 495 494 493 492 491 490 489 488 487 486 485 484 483 482 481 479 478 477 476 475 474 473 472 471 470 469 468 467 466 465 463 462 461 460 459 458 457 456 455 454 453 451 447 446 445 444 443 442 441 440 439 438 437 436 435 434 433 432 431 430 429 428 427 426 425 423 422 421 419 415 414 413 412 411 410 409 407 406 405 403 399 398 397 395 391 383 382 381 380 379 378 377 376 375 374 373 372 371 370 369 367 366 365 364 363 362 361 359 358 357 355 351 350 349 348 347 346 345 343 342 341 339 335 334 333 331 327 319 318 317 316 315 314 313 311 310 309 307 303 302 301 287 255 254 253 252 251 250 249 248 247 246 245 244 243 242 241 239 238 237 236 235 234 233 231 230 229 227 223 222 221 220 219 218 217 215 214 213 207 191 190 189 187 183 175 159 127 126 125 123 119 111 480 464 206 186 450 285 188 452 211 286 205 185 203 424 299 95 181 420 295 408 199 418 402 360 173 401 417 404 396 368 344 354 174 122 179 356 283 394 340 171 353 182 279 124 337 240 390 121 338 332 232 393 449 330 389 312 167 118 305 158 117 308 271 300 228 306 326 216 155 212 329 226 157 210 63 204 225 109 110 325 209 151 387 202 323 448 294 115 293 180 298 278 198 416 107 184 284 297 281 291 400 282 94 178 172 93 177 103 392 197 277 201 336 352 120 195 170 388 91 143 328 275 169 386 116 270 156 166 304 154 324 114 165 385 224 269 62 108 322 87 153 61 113 208 296 163 150 321 292 106 267 200 59 149 280 105 196 79 176 290 92 102 263 142 276 289 55 147 90 194 101 168 141 274 89 193 164 99 384 47 268 86 60 273 112 139 152 162 85 31 266 320 58 135 78 148 161 104 265 83 57 77 262 54 288 146 100 53 75 261 140 71 145 46 259 51 88 45 98 192 43 30 39 138 29 27 272 23 97 15 84 137 134 133 82 160 131 264 56 76 81 74 73 52 260 69 70 50 258 49 67 144 44 42 257 37 38 41 28 35 26 25 22 21 96 14 13 19 136 11 7 132 130 129 80 72 68 66 65 48 36 256 40 34 20 24 18 12 33 10 17 9 6 5 3 128 64 32 16 8 4 2 1 0

SNR -0.500
511 510 509 508 507 506 505 504 503 502 501 500 499 498 497 496 495 494 493 492 491 490 489 488 487 486 485 484 483 482 481 479 478 477 476 475 474 473 472 471 470 469 468 467 466 465 464 463 462 461 460 459 458 457 456 455 454 453 451 449 447 446 445 444 443 442 441 440 439 438 437 436 435 434 433 432 431 430 429 428 427 426 425 424 423 422 421 419 417 415 414 413 412 411 410 409 408 407 406 405 403 399 398 397 395 391 383 382 381 380 379 378 377 376 375 374 373 372 371 370 369 367 366 365 364 363 362 361 359 358 357 355 351 350 349 348 347 346 345 343 342 341 339 335 334 333 331 327 319 318 317 316 315 314 313 311 310 309 307 303 302 301 299 295 287 286 285 283 279 255 254 253 252 251 250 249 248 247 246 245 244 243 242 241 239 238 237 236 235 234 233 231 230 229 227 223 222 221 220 219 218 217 215 214 213 211 207 206 205 203 199 191 190 189 188 187 186 185 183 182 181 179 175 174 173 159 127 126 125 123 119 111 95 368 452 420 171 480 122 167 450 418 402 118 404 396 158 394 124 354 393 63 121 157 240 271 338 115 401 344 353 232 332 356 340 330 337 312 117 308 110 151 109 155 360 228 389 107 326 325 390 387 212 226 329 298 306 305 210 216 209 297 323 300 204 198 184 284 225 143 294 94 278 177 178 293 201 103 282 416 448 202 172 91 281 170 180 392 169 277 93 166 197 270 165 120 87 269 291 156 195 400 116 352 61 275 336 114 62 328 108 154 324 304 388 386 385 150 153 163 113 224 267 296 106 322 105 208 292 59 149 321 79 102 200 280 92 142 290 176 55 196 263 147 90 101 276 289 141 168 194 89 99 274 47 86 193 164 139 268 60 273 85 112 152 384 266 162 58 135 148 83 78 31 104 57 265 161 320 77 262 54 146 100 288 75 140 261 53 88 145 46 98 51 71 259 138 192 45 84 97 272 137 43 30 29 134 39 82 160 27 56 264 23 133 76 81 15 131 74 52 260 73 144 70 50 258 69 49 67 44 257 96 42 41 136 38 37 26 28 35 25 22 21 132 19 14 13 11 80 130 7 129 72 68 48 66 256 65 40 36 34 24 33 20 18 12 10 17 9 6 5 3 128 64 32 16 8 4 2 1 0

SNR 0.000
511 510 509 508 507 506 505 504 503 502 501 500 499 498 497 496 495 494 493 492 491 490 489 488 487 486 485 484 483 482 481 480 479 478 477 476 475 474 473 472 471 470 469 468 467 466 465 464 463 462 461 460 459 458 457 456 455 454 453 452 451 449 447 446 445 444 443 442 441 440 439 438 437 436 435 434 433 432 431 430 429 428 427 426 425 424 423 422 421 420 419 418 417 415 414 413 412 411 410 409 408 407 406 405 404 403 402 399 398 397 396 395 391 383 382 381 380 379 378 377 376 375 374 373 372 371 370 369 368 367 366 365 364 363 362 361 360 359 358 357 356 355 351 350 349 348 347 346 345 344 343 342 341 339 338 335 334 333 331 327 319 318 317 316 315 314 313 311 310 309 307 303 302 301 299 295 287 286 285 283 279 271 255 254 253 252 251 250 249 248 247 246 245 244 243 242 241 239 238 237 236 235 234 233 231 230 229 227 223 222 221 220 219 218 217 215 214 213 211 207 206 205 203 199 191 190 189 188 187 186 185 183 182 181 179 175 174 173 171 167 159 158 157 155 127 126 125 124 123 122 121 119 118 117 111 95 63 401 394 354 151 353 393 232 389 312 340 115 107 390 332 337 109 110 228 330 450 326 94 103 240 306 298 294 225 387 308 300 305 184 325 226 204 143 209 212 93 210 197 293 216 202 180 284 297 323 329 91 198 282 278 178 87 201 170 291 172 277 195 416 62 177 270 156 169 275 166 120 281 448 116 59 61 392 113 114 352 108 336 269 388 400 150 165 304 267 163 328 385 105 153 386 224 106 296 79 149 324 322 154 208 292 92 101 142 147 200 263 55 290 102 321 280 90 176 141 196 276 89 47 168 99 86 289 194 274 139 164 85 60 193 268 273 58 152 162 78 266 112 83 135 161 31 265 57 148 384 104 77 54 262 146 100 320 75 53 140 261 145 88 98 46 288 51 138 71 259 97 84 45 192 272 137 134 82 30 43 56 76 264 29 160 133 81 39 27 52 74 131 23 260 144 15 73 50 70 44 258 49 96 69 136 67 257 42 41 28 38 80 37 132 26 35 25 22 130 21 13 14 129 19 11 72 7 48 68 66 256 65 40 36 34 24 33 20 18 12 10 17 128 9 6 5 3 64 32 16 8 4 2 1 0

SNR 0.500
511 510 509 508 507 506 505 504 503 502 501 500 499 498 497 496 495 494 493 492 491 490 489 488 487 486 485 484 483 482 481 480 479 478 477 476 475 474 473 472 471 470 469 468 467 466 465 464 463 462 461 460 459 458 457 456 455 454 453 452 451 450 449 447 446 445 444 443 442 441 440 439 438 437 436 435 434 433 432 431 430 429 428 427 426 425 424 423 422 421 420 419 418 417 415 414 413 412 411 410 409 408 407 406 405 404 403 402 401 399 398 397 396 395 394 393 391 390 389 387 383 382 381 380 379 378 377 376 375 374 373 372 371 370 369 368 367 366 365 364 363 362 361 360 359 358 357 356 355 354 353 351 350 349 348 347 346 345 344 343 342 341 340 339 337 335 334 333 332 331 330 329 327 319 318 317 316 315 314 313 312 311 310 309 308 307 306 303 302 301 299 295 287 286 285 283 279 271 255 254 253 252 251 250 249 248 247 246 245 244 243 242 241 240 239 238 237 236 235 234 233 231 230 229 228 227 223 222 221 220 219 218 217 216 215 214 213 211 207 206 205 203 199 191 190 189 188 187 186 185 183 182 181 179 175 174 173 171 167 159 158 157 155 151 143 127 126 125 124 123 122 121 119 118 117 115 111 110 109 107 103 95 94 93 91 63 338 326 232 325 300 184 87 226 212 210 298 209 297 282 294 202 225 293 284 180 62 323 178 278 305 291 172 204 79 281 169 275 170 177 195 198 201 120 277 61 197 269 154 166 270 59 416 448 113 156 163 267 114 116 165 400 150 153 392 388 386 55 108 328 147 263 142 105 106 352 336 92 324 102 149 101 385 292 224 90 296 89 86 139 322 141 304 208 99 85 176 196 276 274 47 321 194 280 290 289 78 200 268 193 77 58 60 168 273 135 83 152 57 164 31 162 266 112 148 54 161 104 53 146 75 265 262 100 384 145 140 88 261 98 51 46 71 138 320 45 97 288 84 137 259 134 82 43 192 272 30 56 76 133 81 160 29 39 264 52 74 131 27 144 50 73 260 70 23 44 49 96 258 15 136 69 42 257 67 41 132 28 80 38 37 26 130 35 25 72 22 129 21 19 14 13 11 48 7 68 66 256 65 40 36 34 33 24 128 20 18 17 12 10 9 6 5 3 64 32 16 8 4 2 1 0

SNR 1.000
511 510 509 508 507 506 505 504 503 502 501 500 499 498 497 496 495 494 493 492 491 490 489 488 487 486 485 484 483 482 481 480 479 478 477 476 475 474 473 472 471 470 469 468 467 466 465 464 463 462 461 460 459 458 457 456 455 454 453 452 451 450 449 447 446 445 444 443 442 441 440 439 438 437 436 435 434 433 432 431 430 429 428 427 426 425 424 423 422 421 420 419 418 417 415 414 413 412 411 410 409 408 407 406 405 404 403 402 401 399 398 397 396 395 394 393 391 390 389 387 383 382 381 380 379 378 377 376 375 374 373 372 371 370 369 368 367 366 365 364 363 362 361 360 359 358 357 356 355 354 353 351 350 349 348 347 346 345 344 343 342 341 340 339 338 337 335 334 333 332 331 330 329 327 326 325 323 319 318 317 316 315 314 313 312 311 310 309 308 307 306 305 303 302 301 300 299 298 297 295 294 293 291 287 286 285 284 283 279 278 271 255 254 253 252 251 250 249 248 247 246 245 244 243 242 241 240 239 238 237 236 235 234 233 232 231 230 229 228 227 226 225 223 222 221 220 219 218 217 216 215 214 213 212 211 210 209 207 206 205 204 203 202 199 191 190 189 188 187 186 185 184 183 182 181 180 179 178 175 174 173 171 170 167 159 158 157 155 151 143 127 126 125 124 123 122 121 119 118 117 115 111 110 109 107 103 95 94 93 91 87 63 62 61 59 55 201 198 177 282 281 169 166 79 172 120 165 270 269 154 156 275 114 153 277 116 197 150 108 106 149 47 195 448 113 163 352 142 416 267 105 392 141 263 336 90 101 92 89 400 322 224 386 85 328 99 102 31 304 324 388 208 139 321 147 296 292 385 86 60 290 289 280 176 83 54 194 78 196 135 57 168 53 274 77 268 112 164 162 152 193 148 58 276 200 273 266 161 46 265 51 104 75 146 145 262 100 88 71 140 261 138 98 384 45 97 84 259 320 137 82 43 30 134 288 81 76 56 29 133 272 39 192 74 52 131 160 264 27 50 73 70 144 44 260 49 23 69 42 96 258 136 15 41 67 257 28 80 38 132 37 26 130 72 25 35 129 22 48 68 21 19 14 13 66 11 40 256 7 65 36 34 24 33 128 20 18 17 12 10 9 6 5 64 3 32 16 8 4 2 1 0

SNR 1.500
511 510 509 508 507 506 505 504 503 502 501 500 499 498 497 496 495 494 493 492 491 490 489 488 487 486 485 484 483 482 481 480 479 478 477 476 475 474 473 472 471 470 469 468 467 466 465 464 463 462 461 460 459 458 457 456 455 454 453 452 451 450 449 447 446 445 444 443 442 441 440 439 438 437 436 435 434 433 432 431 430 429 428 427 426 425 424 423 422 421 420 419 418 417 415 414 413 412 411 410 409 408 407 406 405 404 403 402 401 399 398 397 396 395 394 393 391 390 389 387 383 382 381 380 379 378 377 376 375 374 373 372 371 370 369 368 367 366 365 364 363 362 361 360 359 358 357 356 355 354 353 351 350 349 348 347 346 345 344 343 342 341 340 339 338 337 335 334 333 332 331 330 329 327 326 325 323 319 318 317 316 315 314 313 312 311 310 309 308 307 306 305 303 302 301 300 299 298 297 295 294 293 291 287 286 285 284 283 282 281 279 278 277 275 271 270 269 255 254 253 252 251 250 249 248 247 246 245 244 243 242 241 240 239 238 237 236 235 234 233 232 231 230 229 228 227 226 225 223 222 221 220 219 218 217 216 215 214 213 212 211 210 209 207 206 205 204 203 202 201 199 198 197 195 191 190 189 188 187 186 185 184 183 182 181 180 179 178 177 175 174 173 172 171 170 169 167 166 165 163 159 158 157 156 155 154 153 151 150 149 143 127 126 125 124 123 122 121 119 118 117 116 115 111 110 109 107 103 95 94 93 91 87 79 63 62 61 59 55 120 108 47 147 267 102 113 92 114 141 142 105 263 448 400 101 416 106 90 89 31 86 99 392 386 336 352 85 388 139 83 328 292 304 135 385 78 208 324 77 322 196 57 224 296 289 280 54 75 200 176 194 168 268 58 60 290 276 273 53 162 164 193 321 274 146 104 46 100 262 152 98 161 51 112 261 266 148 145 265 45 140 71 138 30 43 88 29 84 259 82 97 137 384 320 134 39 76 133 81 27 288 74 56 52 131 73 192 272 70 50 44 160 264 23 49 69 144 260 42 258 96 15 41 67 136 28 38 257 80 132 26 37 72 130 25 35 22 48 129 68 21 14 40 66 19 13 65 256 11 36 7 24 34 33 128 20 18 17 12 64 10 9 6 5 3 32 16 8 4 2 1 0

SNR 2.000
511 510 509 508 507 506 505 504 503 502 501 500 499 498 497 496 495 494 493 492 491 490 489 488 487 486 485 484 483 482 481 480 479 478 477 476 475 474 473 472 471 470 469 468 467 466 465 464 463 462 461 460 459 458 457 456 455 454 453 452 451 450 449 447 446 445 444 443 442 441 440 439 438 437 436 435 434 433 432 431 430 429 428 427 426 425 424 423 422 421 420 419 418 417 415 414 413 412 411 410 409 408 407 406 405 404 403 402 401 399 398 397 396 395 394 393 391 390 389 387 383 382 381 380 379 378 377 376 375 374 373 372 371 370 369 368 367 366 365 364 363 362 361 360 359 358 357 356 355 354 353 351 350 349 348 347 346 345 344 343 342 341 340 339 338 337 335 334 333 332 331 330 329 327 326 325 323 319 318 317 316 315 314 313 312 311 310 309 308 307 306 305 303 302 301 300 299 298 297 295 294 293 291 287 286 285 284 283 282 281 279 278 277 275 271 270 269 267 263 255 254 253 252 251 250 249 248 247 246 245 244 243 242 241 240 239 238 237 236 235 234 233 232 231 230 229 228 227 226 225 223 222 221 220 219 218 217 216 215 214 213 212 211 210 209 207 206 205 204 203 202 201 199 198 197 195 191 190 189 188 187 186 185 184 183 182 181 180 179 178 177 175 174 173 172 171 170 169 167 166 165 163 159 158 157 156 155 154 153 151 150 149 147 143 142 141 135 127 126 125 124 123 122 121 120 119 118 117 116 115 114 113 111 110 109 108 107 106 105 103 101 99 95 94 93 92 91 90 87 79 63 62 61 59 55 47 31 85 86 139 83 89 392 416 60 102 448 57 78 386 54 352 336 388 304 224 75 328 77 53 400 385 296 280 51 324 200 292 208 46 321 322 58 176 164 276 274 196 290 162 161 152 193 148 289 45 71 145 146 168 30 29 273 112 194 265 100 98 97 262 104 43 140 39 137 134 27 82 266 268 84 133 76 261 56 384 138 259 52 74 88 50 81 131 73 23 288 320 49 44 70 272 192 160 69 15 42 264 67 41 144 38 260 28 96 258 136 26 37 80 132 25 257 35 130 22 72 21 48 68 129 14 66 19 40 13 65 36 11 256 24 34 7 33 20 128 18 12 17 64 10 9 6 5 3 32 16 8 4 2 1 0

SNR 2.500
511 510 509 508 507 506 505 504 503 502 501 500 499 498 497 496 495 494 493 492 491 490 489 488 487 486 485 484 483 482 481 480 479 478 477 476 475 474 473 472 471 470 469 468 467 466 465 464 463 462 461 460 459 458 457 456 455 454 453 452 451 450 449 448 447 446 445 444 443 442 441 440 439 438 437 436 435 434 433 432 431 430 429 428 427 426 425 424 423 422 421 420 419 418 417 416 415 414 413 412 411 410 409 408 407 406 405 404 403 402 401 399 398 397 396 395 394 393 392 391 390 389 388 387 383 382 381 380 379 378 377 376 375 374 373 372 371 370 369 368 367 366 365 364 363 362 361 360 359 358 357 356 355 354 353 352 351 350 349 348 347 346 345 344 343 342 341 340 339 338 337 336 335 334 333 332 331 330 329 327 326 325 323 319 318 317 316 315 314 313 312 311 310 309 308 307 306 305 303 302 301 300 299 298 297 295 294 293 291 287 286 285 284 283 282 281 279 278 277 275 271 270 269 267 263 255 254 253 252 251 250 249 248 247 246 245 244 243 242 241 240 239 238 237 236 235 234 233 232 231 230 229 228 227 226 225 223 222 221 220 219 218 217 216 215 214 213 212 211 210 209 207 206 205 204 203 202 201 199 198 197 195 191 190 189 188 187 186 185 184 183 182 181 180 179 178 177 175 174 173 172 171 170 169 167 166 165 163 159 158 157 156 155 154 153 151 150 149 147 143 142 141 139 135 127 126 125 124 123 122 121 120 119 118 117 116 115 114 113 111 110 109 108 107 106 105 103 102 101 99 95 94 93 92 91 90 89 87 86 85 83 79 78 77 75 63 62 61 60 59 58 57 55 53 47 45 31 51 328 400 208 54 304 386 43 224 385 321 71 292 46 274 296 322 273 276 280 290 196 194 30 164 176 168 324 39 112 289 162 104 200 29 140 266 148 152 100 161 193 146 265 23 145 262 84 268 88 138 98 27 261 56 82 134 97 81 76 50 259 74 52 70 137 131 44 69 42 384 133 73 288 49 192 15 67 320 38 41 28 272 26 264 144 37 25 160 260 22 96 136 35 80 258 132 257 21 130 72 48 129 19 68 14 13 40 66 65 36 11 24 34 256 20 7 33 18 128 12 17 64 10 9 6 32 5 3 16 8 4 2 1 0

SNR 3.000
511 510 509 508 507 506 505 504 503 502 501 500 499 498 497 496 495 494 493 492 491 490 489 488 487 486 485 484 483 482 481 480 479 478 477 476 475 474 473 472 471 470 469 468 467 466 465 464 463 462 461 460 459 458 457 456 455 454 453 452 451 450 449 448 447 446 445 444 443 442 441 440 439 438 437 436 435 434 433 432 431 430 429 428 427 426 425 424 423 422 421 420 419 418 417 416 415 414 413 412 411 410 409 408 407 406 405 404 403 402 401 400 399 398 397 396 395 394 393 392 391 390 389 388 387 386 385 383 382 381 380 379 378 377 376 375 374 373 372 371 370 369 368 367 366 365 364 363 362 361 360 359 358 357 356 355 354 353 352 351 350 349 348 347 346 345 344 343 342 341 340 339 338 337 336 335 334 333 332 331 330 329 328 327 326 325 324 323 321 319 318 317 316 315 314 313 312 311 310 309 308 307 306 305 304 303 302 301 300 299 298 297 296 295 294 293 292 291 287 286 285 284 283 282 281 279 278 277 275 271 270 269 267 263 255 254 253 252 251 250 249 248 247 246 245 244 243 242 241 240 239 238 237 236 235 234 233 232 231 230 229 228 227 226 225 224 223 222 221 220 219 218 217 216 215 214 213 212 211 210 209 208 207 206 205 204 203 202 201 200 199 198 197 195 191 190 189 188 187 186 185 184 183 182 181 180 179 178 177 175 174 173 172 171 170 169 167 166 165 163 159 158 157 156 155 154 153 151 150 149 147 143 142 141 139 135 127 126 125 124 123 122 121 120 119 118 117 116 115 114 113 111 110 109 108 107 106 105 103 102 101 99 95 94 93 92 91 90 89 87 86 85 83 79 78 77 75 71 63 62 61 60 59 58 57 55 54 53 51 47 46 45 43 39 31 30 322 289 194 290 280 29 196 193 276 176 268 112 273 164 27 265 162 104 266 168 148 152 100 262 259 146 145 23 88 140 137 161 97 82 98 261 15 56 134 274 138 133 76 131 81 73 84 74 44 50 69 42 384 52 49 288 67 38 41 26 28 70 25 192 264 260 320 37 272 160 258 22 136 257 144 21 35 132 96 19 80 14 13 130 72 68 129 48 11 66 40 65 36 24 34 7 20 33 256 18 12 17 128 10 64 9 6 32 5 3 16 8 4 2 1 0

SNR 3.500
511 510 509 508 507 506 505 504 503 502 501 500 499 498 497 496 495 494 493 492 491 490 489 488 487 486 485 484 483 482 481 480 479 478 477 476 475 474 473 472 471 470 469 468 467 466 465 464 463 462 461 460 459 458 457 456 455 454 453 452 451 450 449 448 447 446 445 444 443 442 441 440 439 438 437 436 435 434 433 432 431 430 429 428 427 426 425 424 423 422 421 420 419 418 417 416 415 414 413 412 411 410 409 408 407 406 405 404 403 402 401 400 399 398 397 396 395 394 393 392 391 390 389 388 387 386 385 383 382 381 380 379 378 377 376 375 374 373 372 371 370 369 368 367 366 365 364 363 362 361 360 359 358 357 356 355 354 353 352 351 350 349 348 347 346 345 344 343 342 341 340 339 338 337 336 335 334 333 332 331 330 329 328 327 326 325 324 323 322 321 319 318 317 316 315 314 313 312 311 310 309 308 307 306 305 304 303 302 301 300 299 298 297 296 295 294 293 292 291 290 289 287 286 285 284 283 282 281 280 279 278 277 276 275 273 271 270 269 267 266 263 255 254 253 252 251 250 249 248 247 246 245 244 243 242 241 240 239 238 237 236 235 234 233 232 231 230 229 228 227 226 225 224 223 222 221 220 219 218 217 216 215 214 213 212 211 210 209 208 207 206 205 204 203 202 201 200 199 198 197 196 195 194 193 191 190 189 188 187 186 185 184 183 182 181 180 179 178 177 176 175 174 173 172 171 170 169 168 167 166 165 164 163 162 159 158 157 156 155 154 153 151 150 149 147 143 142 141 139 135 127 126 125 124 123 122 121 120 119 118 117 116 115 114 113 112 111 110 109 108 107 106 105 103 102 101 99 95 94 93 92 91 90 89 87 86 85 83 79 78 77 75 71 63 62 61 60 59 58 57 55 54 53 51 47 46 45 43 39 31 30 29 27 23 15 262 100 148 104 261 98 137 161 268 84 274 140 152 265 97 82 145 133 81 259 52 74 88 146 50 70 131 73 44 49 76 138 134 69 56 41 67 28 35 384 25 19 37 22 320 160 26 288 192 21 38 42 272 13 264 144 80 96 136 132 258 72 260 48 257 14 66 11 68 129 130 40 7 36 65 34 24 33 20 18 12 17 256 10 128 9 6 64 5 32 3 16 8 4 2 1 0

SNR 4.000
511 510 509 508 507 506 505 504 503 502 501 500 499 498 497 496 495 494 493 492 491 490 489 488 487 486 485 484 483 482 481 480 479 478 477 476 475 474 473 472 471 470 469 468 467 466 465 464 463 462 461 460 459 458 457 456 455 454 453 452 451 450 449 448 447 446 445 444 443 442 441 440 439 438 437 436 435 434 433 432 431 430 429 428 427 426 425 424 423 422 421 420 419 418 417 416 415 414 413 412 411 410 409 408 407 406 405 404 403 402 401 400 399 398 397 396 395 394 393 392 391 390 389 388 387 386 385 383 382 381 380 379 378 377 376 375 374 373 372 371 370 369 368 367 366 365 364 363 362 361 360 359 358 357 356 355 354 353 352 351 350 349 348 347 346 345 344 343 342 341 340 339 338 337 336 335 334 333 332 331 330 329 328 327 326 325 324 323 322 321 319 318 317 316 315 314 313 312 311 310 309 308 307 306 305 304 303 302 301 300 299 298 297 296 295 294 293 292 291 290 289 287 286 285 284 283 282 281 280 279 278 277 276 275 274 273 271 270 269 268 267 266 265 263 262 261 259 255 254 253 252 251 250 249 248 247 246 245 244 243 242 241 240 239 238 237 236 235 234 233 232 231 230 229 228 227 226 225 224 223 222 221 220 219 218 217 216 215 214 213 212 211 210 209 208 207 206 205 204 203 202 201 200 199 198 197 196 195 194 193 191 190 189 188 187 186 185 184 183 182 181 180 179 178 177 176 175 174 173 172 171 170 169 168 167 166 165 164 163 162 161 159 158 157 156 155 154 153 152 151 150 149 148 147 146 145 143 142 141 140 139 138 137 135 134 127 126 125 124 123 122 121 120 119 118 117 116 115 114 113 112 111 110 109 108 107 106 105 104 103 102 101 100 99 98 97 95 94 93 92 91 90 89 88 87 86 85 84 83 81 79 78 77 75 74 71 69 63 62 61 60 59 58 57 56 55 54 53 52 51 47 46 45 44 43 39 31 30 29 27 23 15 49 133 131 73 70 82 50 76 41 26 37 42 28 38 22 67 14 384 320 25 19 288 35 264 160 192 21 272 11 144 96 260 258 257 132 13 80 130 68 136 7 36 129 40 72 20 34 65 33 48 66 24 18 12 17 10 256 9 128 6 5 64 32 3 16 8 4 2 1 0

SNR 4.500
511 510 509 508 507 506 505 504 503 502 501 500 499 498 497 496 495 494 493 492 491 490 489 488 487 486 485 484 483 482 481 480 479 478 477 476 475 474 473 472 471 470 469 468 467 466 465 464 463 462 461 460 459 458 457 456 455 454 453 452 451 450 449 448 447 446 445 444 443 442 441 440 439 438 437 436 435 434 433 432 431 430 429 428 427 426 425 424 423 422 421 420 419 418 417 416 415 414 413 412 411 410 409 408 407 406 405 404 403 402 401 400 399 398 397 396 395 394 393 392 391 390 389 388 387 386 385 383 382 381 380 379 378 377 376 375 374 373 372 371 370 369 368 367 366 365 364 363 362 361 360 359 358 357 356 355 354 353 352 351 350 349 348 347 346 345 344 343 342 341 340 339 338 337 336 335 334 333 332 331 330 329 328 327 326 325 324 323 322 321 319 318 317 316 315 314 313 312 311 310 309 308 307 306 305 304 303 302 301 300 299 298 297 296 295 294 293 292 291 290 289 287 286 285 284 283 282 281 280 279 278 277 276 275 274 273 271 270 269 268 267 266 265 263 262 261 259 255 254 253 252 251 250 249 248 247 246 245 244 243 242 241 240 239 238 237 236 235 234 233 232 231 230 229 228 227 226 225 224 223 222 221 220 219 218 217 216 215 214 213 212 211 210 209 208 207 206 205 204 203 202 201 200 199 198 197 196 195 194 193 191 190 189 188 187 186 185 184 183 182 181 180 179 178 177 176 175 174 173 172 171 170 169 168 167 166 165 164 163 162 161 159 158 157 156 155 154 153 152 151 150 149 148 147 146 145 143 142 141 140 139 138 137 135 134 133 131 127 126 125 124 123 122 121 120 119 118 117 116 115 114 113 112 111 110 109 108 107 106 105 104 103 102 101 100 99 98 97 95 94 93 92 91 90 89 88 87 86 85 84 83 82 81 79 78 77 76 75 74 73 71 70 69 63 62 61 60 59 58 57 56 55 54 53 52 51 50 49 47 46 45 44 43 42 41 39 38 37 31 30 29 28 27 23 15 25 35 22 14 21 67 19 384 26 13 11 288 320 272 264 192 260 160 144 96 136 258 132 130 68 80 7 48 257 72 40 129 34 36 33 66 18 12 20 24 10 65 17 9 6 256 5 128 3 64 32 16 8 4 2 1 0

SNR 5.000
511 510 509 508 507 506 505 504 503 502 501 500 499 498 497 496 495 494 493 492 491 490 489 488 487 486 485 484 483 482 481 480 479 478 477 476 475 474 473 472 471 470 469 468 467 466 465 464 463 462 461 460 459 458 457 456 455 454 453 452 451 450 449 448 447 446 445 444 443 442 441 440 439 438 437 436 435 434 433 432 431 430 429 428 427 426 425 424 423 422 421 420 419 418 417 416 415 414 413 412 411 410 409 408 407 406 405 404 403 402 401 400 399 398 397 396 395 394 393 392 391 390 389 388 387 386 385 383 382 381 380 379 378 377 376 375 374 373 372 371 370 369 368 367 366 365 364 363 362 361 360 359 358 357 356 355 354 353 352 351 350 349 348 347 346 345 344 343 342 341 340 339 338 337 336 335 334 333 332 331 330 329 328 327 326 325 324 323 322 321 319 318 317 316 315 314 313 312 311 310 309 308 307 306 305 304 303 302 301 300 299 298 297 296 295 294 293 292 291 290 289 287 286 285 284 283 282 281 280 279 278 277 276 275 274 273 271 270 269 268 267 266 265 263 262 261 259 255 254 253 252 251 250 249 248 247 246 245 244 243 242 241 240 239 238 237 236 235 234 233 232 231 230 229 228 227 226 225 224 223 222 221 220 219 218 217 216 215 214 213 212 211 210 209 208 207 206 205 204 203 202 201 200 199 198 197 196 195 194 193 191 190 189 188 187 186 185 184 183 182 181 180 179 178 177 176 175 174 173 172 171 170 169 168 167 166 165 164 163 162 161 159 158 157 156 155 154 153 152 151 150 149 148 147 146 145 143 142 141 140 139 138 137 135 134 133 131 127 126 125 124 123 122 121 120 119 118 117 116 115 114 113 112 111 110 109 108 107 106 105 104 103 102 101 100 99 98 97 95 94 93 92 91 90 89 88 87 86 85 84 83 82 81 79 78 77 76 75 74 73 71 70 69 67 63 62 61 60 59 58 57 56 55 54 53 52 51 50 49 47 46 45 44 43 42 41 39 38 37 35 31 30 29 28 27 26 25 23 22 21 19 15 14 13 11 384 288 7 264 192 144 320 272 260 136 257 258 130 80 132 129 72 68 48 66 96 160 36 65 34 33 40 18 24 10 12 20 6 9 17 256 5 128 3 64 32 16 8 4 2 1 0

SNR 5.500
511 510 509 508 507 506 505 504 503 502 501 500 499 498 497 496 495 494 493 492 491 490 489 488 487 486 485 484 483 482 481 480 479 478 477 476 475 474 473 472 471 470 469 468 467 466 465 464 463 462 461 460 459 458 457 456 455 454 453 452 451 450 449 448 447 446 445 444 443 442 441 440 439 438 437 436 435 434 433 432 431 430 429 428 427 426 425 424 423 422 421 420 419 418 417 416 415 414 413 412 411 410 409 408 407 406 405 404 403 402 401 400 399 398 397 396 395 394 393 392 391 390 389 388 387 386 385 384 383 382 381 380 379 378 377 376 375 374 373 372 371 370 369 368 367 366 365 364 363 362 361 360 359 358 357 356 355 354 353 352 351 350 349 348 347 346 345 344 343 342 341 340 339 338 337 336 335 334 333 332 331 330 329 328 327 326 325 324 323 322 321 320 319 318 317 316 315 314 313 312 311 310 309 308 307 306 305 304 303 302 301 300 299 298 297 296 295 294 293 292 291 290 289 288 287 286 285 284 283 282 281 280 279 278 277 276 275 274 273 271 270 269 268 267 266 265 264 263 262 261 259 255 254 253 252 251 250 249 248 247 246 245 244 243 242 241 240 239 238 237 236 235 234 233 232 231 230 229 228 227 226 225 224 223 222 221 220 219 218 217 216 215 214 213 212 211 210 209 208 207 206 205 204 203 202 201 200 199 198 197 196 195 194 193 192 191 190 189 188 187 186 185 184 183 182 181 180 179 178 177 176 175 174 173 172 171 170 169 168 167 166 165 164 163 162 161 159 158 157 156 155 154 153 152 151 150 149 148 147 146 145 143 142 141 140 139 138 137 135 134 133 131 127 126 125 124 123 122 121 120 119 118 117 116 115 114 113 112 111 110 109 108 107 106 105 104 103 102 101 100 99 98 97 95 94 93 92 91 90 89 88 87 86 85 84 83 82 81 79 78 77 76 75 74 73 71 70 69 67 63 62 61 60 59 58 57 56 55 54 53 52 51 50 49 47 46 45 44 43 42 41 39 38 37 35 31 30 29 28 27 26 25 23 22 21 19 15 14 13 11 7 96 272 257 144 258 136 80 132 72 48 130 260 40 160 129 24 66 65 20 36 68 33 18 6 17 12 9 34 10 5 3 256 128 64 32 16 8 4 2 1 0

SNR 6.000
511 510 509 508 507 506 505 504 503 502 501 500 499 498 497 496 495 494 493 492 491 490 489 488 487 486 485 484 483 482 481 480 479 478 477 476 475 474 473 472 471 470 469 468 467 466 465 464 463 462 461 460 459 458 457 456 455 454 453 452 451 450 449 448 447 446 445 444 443 442 441 440 439 438 437 436 435 434 433 432 431 430 429 428 427 426 425 424 423 422 421 420 419 418 417 416 415 414 413 412 411 410 409 408 407 406 405 404 403 402 401 400 399 398 397 396 395 394 393 392 391 390 389 388 387 386 385 384 383 382 381 380 379 378 377 376 375 374 373 372 371 370 369 368 367 366 365 364 363 362 361 360 359 358 357 356 355 354 353 352 351 350 349 348 347 346 345 344 343 342 341 340 339 338 337 336 335 334 333 332 331 330 329 328 327 326 325 324 323 322 321 320 319 318 317 316 315 314 313 312 311 310 309 308 307 306 305 304 303 302 301 300 299 298 297 296 295 294 293 292 291 290 289 288 287 286 285 284 283 282 281 280 279 278 277 276 275 274 273 272 271 270 269 268 267 266 265 264 263 262 261 259 258 257 255 254 253 252 251 250 249 248 247 246 245 244 243 242 241 240 239 238 237 236 235 234 233 232 231 230 229 228 227 226 225 224 223 222 221 220 219 218 217 216 215 214 213 212 211 210 209 208 207 206 205 204 203 202 201 200 199 198 197 196 195 194 193 192 191 190 189 188 187 186 185 184 183 182 181 180 179 178 177 176 175 174 173 172 171 170 169 168 167 166 165 164 163 162 161 160 159 158 157 156 155 154 153 152 151 150 149 148 147 146 145 144 143 142 141 140 139 138 137 135 134 133 132 131 130 127 126 125 124 123 122 121 120 119 118 117 116 115 114 113 112 111 110 109 108 107 106 105 104 103 102 101 100 99 98 97 95 94 93 92 91 90 89 88 87 86 85 84 83 82 81 80 79 78 77 76 75 74 73 72 71 70 69 68 67 63 62 61 60 59 58 57 56 55 54 53 52 51 50 49 47 46 45 44 43 42 41 39 38 37 35 31 30 29 28 27 26 25 23 22 21 19 15 14 13 11 7 260 48 136 96 40 65 129 66 24 18 20 36 17 12 33 34 9 5 10 6 3 64 128 256 32 16 8 4 2 1 0

SNR 6.500
511 510 509 508 507 506 505 504 503 502 501 500 499 498 497 496 495 494 493 492 491 490 489 488 487 486 485 484 483 482 481 480 479 478 477 476 475 474 473 472 471 470 469 468 467 466 465 464 463 462 461 460 459 458 457 456 455 454 453 452 451 450 449 448 447 446 445 444 443 442 441 440 439 438 437 436 435 434 433 432 431 430 429 428 427 426 425 424 423 422 421 420 419 418 417 416 415 414 413 412 411 410 409 408 407 406 405 404 403 402 401 400 399 398 397 396 395 394 393 392 391 390 389 388 387 386 385 384 383 382 381 380 379 378 377 376 375 374 373 372 371 370 369 368 367 366 365 364 363 362 361 360 359 358 357 356 355 354 353 352 351 350 349 348 347 346 345 344 343 342 341 340 339 338 337 336 335 334 333 332 331 330 329 328 327 326 325 324 323 322 321 320 319 318 317 316 315 314 313 312 311 310 309 308 307 306 305 304 303 302 301 300 299 298 297 296 295 294 293 292 291 290 289 288 287 286 285 284 283 282 281 280 279 278 277 276 275 274 273 272 271 270 269 268 267 266 265 264 263 262 261 260 259 258 257 255 254 253 252 251 250 249 248 247 246 245 244 243 242 241 240 239 238 237 236 235 234 233 232 231 230 229 228 227 226 225 224 223 222 221 220 219 218 217 216 215 214 213 212 211 210 209 208 207 206 205 204 203 202 201 200 199 198 197 196 195 194 193 192 191 190 189 188 187 186 185 184 183 182 181 180 179 178 177 176 175 174 173 172 171 170 169 168 167 166 165 164 163 162 161 160 159 158 157 156 155 154 153 152 151 150 149 148 147 146 145 144 143 142 141 140 139 138 137 136 135 134 133 132 131 130 129 127 126 125 124 123 122 121 120 119 118 117 116 115 114 113 112 111 110 109 108 107 106 105 104 103 102 101 100 99 98 97 96 95 94 93 92 91 90 89 88 87 86 85 84 83 82 81 80 79 78 77 76 75 74 73 72 71 70 69 68 67 66 65 63 62 61 60 59 58 57 56 55 54 53 52 51 50 49 48 47 46 45 44 43 42 41 40 39 38 37 36 35 34 31 30 29 28 27 26 25 23 22 21 20 19 18 15 14 13 11 7 24 10 12 9 17 5 6 33 3 64 128 256 32 16 4 8 1 2 0

SNR 7.000
511 510 509 508 507 506 505 504 503 502 501 500 499 498 497 496 495 494 493 492 491 490 489 488 487 486 485 484 483 482 481 480 479 478 477 476 475 474 473 472 471 470 469 468 467 466 465 464 463 462 461 460 459 458 457 456 455 454 453 452 451 450 449 448 447 446 445 444 443 442 441 440 439 438 437 436 435 434 433 432 431 430 429 428 427 426 425 424 423 422 421 420 419 418 417 416 415 414 413 412 411 410 409 408 407 406 405 404 403 402 401 400 399 398 397 396 395 394 393 392 391 390 389 388 387 386 385 384 383 382 381 380 379 378 377 376 375 374 373 372 371 370 369 368 367 366 365 364 363 362 361 360 359 358 357 356 355 354 353 352 351 350 349 348 347 346 345 344 343 342 341 340 339 338 337 336 335 334 333 332 331 330 329 328 327 326 325 324 323 322 321 320 319 318 317 316 315 314 313 312 311 310 309 308 307 306 305 304 303 302 301 300 299 298 297 296 295 294 293 292 291 290 289 288 287 286 285 284 283 282 281 280 279 278 277 276 275 274 273 272 271 270 269 268 267 266 265 264 263 262 261 260 259 258 257 255 254 253 252 251 250 249 248 247 246 245 244 243 242 241 240 239 238 237 236 235 234 233 232 231 230 229 228 227 226 225 224 223 222 221 220 219 218 217 216 215 214 213 212 211 210 209 208 207 206 205 204 203 202 201 200 199 198 197 196 195 194 193 192 191 190 189 188 187 186 185 184 183 182 181 180 179 178 177 176 175 174 173 172 171 170 169 168 167 166 165 164 163 162 161 160 159 158 157 156 155 154 153 152 151 150 149 148 147 146 145 144 143 142 141 140 139 138 137 136 135 134 133 132 131 130 129 127 126 125 124 123 122 121 120 119 118 117 116 115 114 113 112 111 110 109 108 107 106 105 104 103 102 101 100 99 98 97 96 95 94 93 92 91 90 89 88 87 86 85 84 83 82 81 80 79 78 77 76 75 74 73 72 71 70 69 68 67 66 65 63 62 61 60 59 58 57 56 55 54 53 52 51 50 49 48 47 46 45 44 43 42 41 40 39 38 37 36 35 34 33 31 30 29 28 27 26 25 24 23 22 21 20 19 18 17 15 14 13 12 11 10 9 7 6 5 3 256 128 32 64 4 2 16 8 1 0

SNR 7.500
511 510 509 508 507 506 505 504 503 502 501 500 499 498 497 496 495 494 493 492 491 490 489 488 487 486 485 484 483 482 481 480 479 478 477 476 475 474 473 472 471 470 469 468 467 466 465 464 463 462 461 460 459 458 457 456 455 454 453 452 451 450 449 448 447 446 445 444 443 442 441 440 439 438 437 436 435 434 433 432 431 430 429 428 427 426 425 424 423 422 421 420 419 418 417 416 415 414 413 412 411 410 409 408 407 406 405 404 403 402 401 400 399 398 397 396 395 394 393 392 391 390 389 388 387 386 385 384 383 382 381 380 379 378 377 376 375 374 373 372 371 370 369 368 367 366 365 364 363 362 361 360 359 358 357 356 355 354 353 352 351 350 349 348 347 346 345 344 343 342 341 340 339 338 337 336 335 334 333 332 331 330 329 328 327 326 325 324 323 322 321 320 319 318 317 316 315 314 313 312 311 310 309 308 307 306 305 304 303 302 301 300 299 298 297 296 295 294 293 292 291 290 289 288 287 286 285 284 283 282 281 280 279 278 277 276 275 274 273 272 271 270 269 268 267 266 265 264 263 262 261 260 259 258 257 255 254 253 252 251 250 249 248 247 246 245 244 243 242 241 240 239 238 237 236 235 234 233 232 231 230 229 228 227 226 225 224 223 222 221 220 219 218 217 216 215 214 213 212 211 210 209 208 207 206 205 204 203 202 201 200 199 198 197 196 195 194 193 192 191 190 189 188 187 186 185 184 183 182 181 180 179 178 177 176 175 174 173 172 171 170 169 168 167 166 165 164 163 162 161 160 159 158 157 156 155 154 153 152 151 150 149 148 147 146 145 144 143 142 141 140 139 138 137 136 135 134 133 132 131 130 129 127 126 125 124 123 122 121 120 119 118 117 116 115 114 113 112 111 110 109 108 107 106 105 104 103 102 101 100 99 98 97 96 95 94 93 92 91 90 89 88 87 86 85 84 83 82 81 80 79 78 77 76 75 74 73 72 71 70 69 68 67 66 65 63 62 61 60 59 58 57 56 55 54 53 52 51 50 49 48 47 46 45 44 43 42 41 40 39 38 37 36 35 34 33 31 30 29 28 27 26 25 24 23 22 21 20 19 18 17 15 14 13 12 11 10 9 7 6 5 3 128 256 64 32 16 4 2 8 1 0

SNR 8.000
511 510 509 508 507 506 505 504 503 502 501 500 499 498 497 496 495 494 493 492 491 490 489 488 487 486 485 484 483 482 481 480 479 478 477 476 475 474 473 472 471 470 469 468 467 466 465 464 463 462 461 460 459 458 457 456 455 454 453 452 451 450 449 448 447 446 445 444 443 442 441 440 439 438 437 436 435 434 433 432 431 430 429 428 427 426 425 424 423 422 421 420 419 418 417 416 415 414 413 412 411 410 409 408 407 406 405 404 403 402 401 400 399 398 397 396 395 394 393 392 391 390 389 388 387 386 385 384 383 382 381 380 379 378 377 376 375 374 373 372 371 370 369 368 367 366 365 364 363 362 361 360 359 358 357 356 355 354 353 352 351 350 349 348 347 346 345 344 343 342 341 340 339 338 337 336 335 334 333 332 331 330 329 328 327 326 325 324 323 322 321 320 319 318 317 316 315 314 313 312 311 310 309 308 307 306 305 304 303 302 301 300 299 298 297 296 295 294 293 292 291 290 289 288 287 286 285 284 283 282 281 280 279 278 277 276 275 274 273 272 271 270 269 268 267 266 265 264 263 262 261 260 259 258 257 256 255 254 253 252 251 250 249 248 247 246 245 244 243 242 241 240 239 238 237 236 235 234 233 232 231 230 229 228 227 226 225 224 223 222 221 220 219 218 217 216 215 214 213 212 211 210 209 208 207 206 205 204 203 202 201 200 199 198 197 196 195 194 193 192 191 190 189 188 187 186 185 184 183 182 181 180 179 178 177 176 175 174 173 172 171 170 169 168 167 166 165 164 163 162 161 160 159 158 157 156 155 154 153 152 151 150 149 148 147 146 145 144 143 142 141 140 139 138 137 136 135 134 133 132 131 130 129 127 126 125 124 123 122 121 120 119 118 117 116 115 114 113 112 111 110 109 108 107 106 105 104 103 102 101 100 99 98 97 96 95 94 93 92 91 90 89 88 87 86 85 84 83 82 81 80 79 78 77 76 75 74 73 72 71 70 69 68 67 66 65 63 62 61 60 59 58 57 56 55 54 53 52 51 50 49 48 47 46 45 44 43 42 41 40 39 38 37 36 35 34 33 31 30 29 28 27 26 25 24 23 22 21 20 19 18 17 15 14 13 12 11 10 9 7 6 5 3 128 32 64 16 8 2 4 1 0

