SNR -2.000
63 62 61 59 55 47 31 58 54 53 60 46 51 57 43 30 45 29 39 27 56 52 23 50 44 49 42 41 15 38 28 37 26 25 35 22 48 21 14 40 19 13 36 11 24 34 7 33 20 18 12 17 10 9 6 5 3 32 16 8 4 2 1 0

SNR -1.500
63 62 61 59 55 47 31 58 60 57 53 54 46 45 43 51 29 30 27 39 56 52 23 50 49 44 42 41 15 38 28 37 26 25 35 22 21 48 14 19 40 13 36 11 24 34 7 33 20 18 12 17 10 9 6 5 32 3 16 8 4 2 1 0

SNR -1.000
63 62 61 59 57 55 54 47 31 60 58 53 51 45 46 43 30 29 39 27 56 52 23 50 49 42 44 15 41 38 28 26 37 25 35 22 21 48 14 19 40 13 36 11 24 34 7 20 33 18 12 17 10 9 6 32 5 3 16 8 4 2 1 0

SNR -0.500
63 62 61 59 58 57 55 54 53 51 47 31 46 60 30 43 29 39 45 27 23 52 56 49 15 50 44 42 41 38 28 37 26 25 35 22 21 14 19 48 13 40 36 11 24 34 7 20 33 18 12 17 10 9 6 32 5 3 16 8 4 2 1 0

SNR 0.000
63 62 61 60 59 58 57 55 54 53 51 47 46 45 43 31 29 39 30 23 27 52 15 56 49 44 42 50 38 41 28 37 26 25 35 22 21 19 14 48 13 40 11 36 24 34 7 33 20 18 12 17 10 9 6 32 5 3 16 8 4 2 1 0

SNR 0.500
63 62 61 60 59 58 57 55 54 53 51 47 46 45 43 39 31 30 27 29 23 15 52 56 50 49 41 44 42 28 37 38 26 22 35 25 21 19 14 13 48 11 40 36 24 34 7 20 33 18 12 17 10 9 6 32 5 3 16 8 4 2 1 0

SNR 1.000
63 62 61 60 59 58 57 55 54 53 51 47 46 45 43 39 31 30 29 27 23 15 56 44 52 49 42 50 28 41 38 26 37 35 22 21 14 19 25 13 11 48 40 36 7 34 24 20 33 18 12 17 10 9 6 5 32 3 16 8 4 2 1 0

SNR 1.500
63 62 61 60 59 58 57 55 54 53 51 47 46 45 43 39 31 30 29 27 23 15 56 50 52 49 42 44 41 38 26 28 37 35 25 22 21 13 19 14 11 48 40 36 7 24 34 20 33 18 12 17 10 9 6 5 32 3 16 8 4 2 1 0

SNR 2.000
63 62 61 60 59 58 57 55 54 53 51 47 46 45 43 39 31 30 29 27 23 15 49 52 56 44 42 38 28 41 50 37 35 25 26 22 19 21 14 13 7 48 11 36 40 34 24 20 33 18 12 17 10 9 6 5 32 3 16 8 4 2 1 0

SNR 2.500
63 62 61 60 59 58 57 56 55 54 53 52 51 49 47 46 45 44 43 42 39 31 30 29 27 23 15 41 50 26 38 28 37 35 22 21 14 13 25 19 11 7 48 36 24 40 34 33 18 20 12 17 10 9 6 5 3 32 16 8 4 2 1 0

SNR 3.000
63 62 61 60 59 58 57 56 55 54 53 52 51 50 49 47 46 45 44 43 42 41 39 38 37 31 30 29 28 27 26 25 23 15 35 22 14 13 21 19 11 7 48 36 24 33 40 34 20 17 18 12 10 9 6 5 3 32 16 8 4 2 1 0

SNR 3.500
63 62 61 60 59 58 57 56 55 54 53 52 51 50 49 47 46 45 44 43 42 41 39 38 37 35 31 30 29 28 27 26 25 23 22 21 15 14 13 19 11 7 48 40 20 36 24 34 33 18 10 12 17 9 6 5 3 32 16 8 4 2 1 0

SNR 4.000
63 62 61 60 59 58 57 56 55 54 53 52 51 50 49 47 46 45 44 43 42 41 39 38 37 35 31 30 29 28 27 26 25 23 22 21 19 15 14 13 11 7 48 40 36 33 20 24 34 18 12 10 17 5 9 6 3 32 16 8 4 2 1 0

SNR 4.500
63 62 61 60 59 58 57 56 55 54 53 52 51 50 49 47 46 45 44 43 42 41 39 38 37 35 31 30 29 28 27 26 25 23 22 21 19 15 14 13 11 7 48 36 40 34 33 24 20 18 12 17 10 6 9 5 3 32 16 8 4 2 1 0

SNR 5.000
63 62 61 60 59 58 57 56 55 54 53 52 51 50 49 47 46 45 44 43 42 41 39 38 37 35 31 30 29 28 27 26 25 23 22 21 19 15 14 13 11 7 48 36 33 24 18 40 34 17 10 9 6 12 20 5 3 32 16 8 4 2 1 0

SNR 5.500
63 62 61 60 59 58 57 56 55 54 53 52 51 50 49 48 47 46 45 44 43 42 41 40 39 38 37 36 35 33 31 30 29 28 27 26 25 24 23 22 21 19 15 14 13 11 7 12 34 18 17 10 9 6 5 20 3 32 16 8 4 2 1 0

SNR 6.000
63 62 61 60 59 58 57 56 55 54 53 52 51 50 49 48 47 46 45 44 43 42 41 40 39 38 37 36 35 34 33 31 30 29 28 27 26 25 24 23 22 21 20 19 18 15 14 13 11 10 9 7 6 17 12 5 3 8 16 32 4 2 1 0

SNR 6.500
63 62 61 60 59 58 57 56 55 54 53 52 51 50 49 48 47 46 45 44 43 42 41 40 39 38 37 36 35 34 33 31 30 29 28 27 26 25 24 23 22 21 20 19 18 17 15 14 13 12 11 10 9 7 6 5 3 8 16 32 4 2 1 0

SNR 7.000
63 62 61 60 59 58 57 56 55 54 53 52 51 50 49 48 47 46 45 44 43 42 41 40 39 38 37 36 35 34 33 31 30 29 28 27 26 25 24 23 22 21 20 19 18 17 15 14 13 12 11 10 9 7 6 5 3 32 16 4 8 2 1 0

SNR 7.500
63 62 61 60 59 58 57 56 55 54 53 52 51 50 49 48 47 46 45 44 43 42 41 40 39 38 37 36 35 34 33 31 30 29 28 27 26 25 24 23 22 21 20 19 18 17 15 14 13 12 11 10 9 7 6 5 3 16 32 8 4 2 1 0

SNR 8.000
63 62 61 60 59 58 57 56 55 54 53 52 51 50 49 48 47 46 45 44 43 42 41 40 39 38 37 36 35 34 33 32 31 30 29 28 27 26 25 24 23 22 21 20 19 18 17 15 14 13 12 11 10 9 7 6 5 3 16 4 8 2 1 0

